arm,237.691773479,geo,4,2,4,4,1,4,2,3,3,2,,1,3,1,5,8,1,1,1,1,1,1,2,5,3,2,5,2,3,1,3,3,1,1,1,2,6,5,2,,,3,,2,3,3,3,6,2,1,1,2,6,4,1,3,6,2,1,1,4,2,1,1,6,2,3,1,1,1,1,1,4,2,5,,4,1,2,3,2,3,6,3,2,2,1,,1,1,,1,1,1,1,1,1,,1,,,,,,6,2,1,1,2,1,6,1,2,4,5,2,3,1,2,1,3,4,3,2,2,2,2,1,7,3,6,5,2,2,1,1,1,1,3,2,2,1,1,1,2,,2,,,,,2,2,1,1,1,,,,1,1,,,,1,4,4,7,3,,,,,,,,,,3,,,,4,4,1,11,,,,,,
arm,262.707521884,hzb,4,3,3,4,2,4,2,4,3,1,,1,2,1,1,3,2,,1,4,1,1,5,4,,,,,2,1,4,3,5,2,2,2,6,4,,5,5,3,,1,3,3,2,6,,1,,2,8,6,1,2,4,2,1,1,4,,,,6,4,,,1,,,,,2,4,4,1,1,2,3,3,2,3,1,5,1,1,,1,1,,1,1,1,1,1,2,1,,,,,,,6,,4,1,1,1,4,1,2,,2,1,1,1,,2,1,2,8,5,,2,1,3,3,1,2,,2,2,1,1,4,4,1,3,,3,,,,,1,,,,,,,,,,,,,1,4,,,,4,2,4,20,,,,,,,,,,,6,,,,4,4,8,2,,,,,,
arm,270.405812024,arc,4,2,5,4,1,4,2,4,3,,,1,3,1,1,1,5,5,1,4,,,,,,,,,2,,,,4,2,2,2,,,,2,2,,,,,,,,,,,,,,1,,,,,,4,,,,,,1,1,,,,,,2,,,,1,,,,2,2,,,,1,,1,1,3,1,1,1,1,1,,,,,,,,,6,2,,1,,1,,,,,,,,,,,2,1,8,5,,,1,,,,2,2,3,2,1,,,,,,,,,,,,1,,,,,,,,,,,,,,4,,,,4,2,4,20,,,,,,,,,,,6,,,,4,4,8,2,,,,,,
arm,281.110829973,ttu,5,2,5,4,1,4,2,4,3,,,1,3,1,,,,,1,4,,,,,,,,,2,,,,,,,2,,,,5,5,,,,,,,,,,,,,,1,,,,,,,,,,,,,,,,,,,2,1,1,,,,,,3,6,,,,1,,1,1,6,1,1,1,1,1,2,1,,,,,,,3,2,5,1,1,1,,,,,,,,,,,,,,,,,2,,,,1,,,,,,,,,,,,,,,,,,,,,,,,,,,,,,1,,,,1,4,4,7,3,,,,,,,,,,3,,,,4,4,1,11,,,,,,
arm,301.672351985,lak,5,1,5,4,2,4,2,2,3,2,,1,3,1,,,,,1,4,,,,,,,,,,,2,2,4,2,2,,6,4,1,,,3,,3,,,,6,,1,,2,8,2,1,2,,2,,,,,,,,,1,,1,,,,,,1,2,1,,2,1,2,1,1,,,,,,1,1,,1,,1,,,,,,,,,,,,,,1,,1,4,1,3,,3,2,1,1,,2,2,1,8,5,,,,,,1,,,,,,,,,1,,,,,,,,1,,,,,,,,,,,,,,,,,,,,,,,,,,,,,,,,,,,,,,,,,,,,,
arm,301.909204374,lez,5,2,5,4,2,4,2,2,3,2,,3,3,1,1,1,3,,1,1,1,1,1,2,2,2,2,2,2,3,3,1,1,1,1,2,6,4,1,4,2,3,,1,3,3,4,6,1,1,1,2,8,6,1,2,4,2,1,2,4,2,1,1,6,4,1,1,1,1,1,1,3,2,4,4,4,1,2,3,3,2,2,3,2,1,1,,1,1,,1,1,1,1,1,2,1,,,,,,1,6,2,4,1,1,1,4,4,1,5,1,1,1,1,,2,3,4,8,5,2,2,1,3,3,1,2,2,2,1,1,1,4,4,1,3,3,2,2,1,2,,2,,,,,1,1,1,1,,,,,,4,,,,4,2,4,20,,,,,,,,,,,6,,,,4,4,8,2,,,,,,
arm,302.17305497,aze,3,3,2,4,2,1,1,2,3,,,2,2,1,,,,,1,1,,,,,,,,,2,,,,,,,2,,,,,,,,,,,,,,1,,,,,1,,5,,2,,2,,,,,,,,,1,1,1,3,2,,,,1,,,,,,,,,1,,1,1,,,1,1,,1,,,,,,,,,2,2,,,,1,,,,,,,,,,,,,,,,,1,,,,1,,,,,,,,,,,,,1,2,,,,,,,,,,,1,,,,,4,,,,4,2,4,20,,,,,,,,,,,6,,,,4,4,8,2,,,,,,
arm,304.948775845,ava,5,2,5,4,1,4,2,4,,,,1,3,1,1,1,7,5,1,4,,,,,,,,,2,,,,,,,2,,,,,,,,,,,,,,,,,,,1,2,4,,1,,,,,,6,2,1,1,,,,,,2,1,2,4,1,,,,,,,,,1,,1,1,,1,1,1,1,1,,,,,,,,1,3,2,,1,,1,,,,,,,,,,,,,,,,,3,,,,1,2,2,2,1,,,,,,,,,,,,,,,,,,,,,,,,,1,2,,,,4,1,4,8,4,,,,,,,,,,4,,,,4,4,8,1,,,,,,
arm,310.000849841,god,,,,,,,,,3,,,,,,1,5,5,5,,,,,,,,,,,,,,,3,2,2,2,,,,,,,,,,,5,2,,,1,2,,,1,,,,,,,,,,,,1,,,,,,,,4,4,,1,,,,3,3,,,,,,1,1,,,1,1,1,1,7,2,2,,,,,,,,,,5,1,,,1,,1,1,1,,,2,1,2,8,5,,,1,3,3,,,,2,2,1,,,,,,,,,,,,,,,,,,,,,,,,,,4,,,,4,2,4,20,,,,,,,,,,,21,,,,,,,,,,,,,
arm,343.815347228,oss,,,,,,,,,3,,,,,,1,1,2,5,,,,,,,,,,,2,,,,,,,2,,,1,,,,,,,,,6,1,1,,2,,,1,,6,4,,,4,1,1,2,,,,,,,,,,2,2,4,1,2,,,,,,,,,1,,1,1,,1,1,1,1,1,,,,,,,,,,,5,1,,1,,,2,,5,2,2,,,1,,,,,,,2,,,2,,,,,,,,,,,,,,,,,,,,,,2,2,1,1,1,,,,,1,,,,1,4,4,21,,,,,,,,,,,14,,,,,,,11,,,,,,
arm,352.185418225,ing,5,2,5,4,2,4,2,2,3,2,,1,3,1,2,8,1,,1,4,1,1,1,6,3,2,5,2,2,,3,3,5,2,3,2,,4,4,5,5,5,,1,2,,1,6,,,1,2,8,6,1,,6,2,1,3,4,2,1,1,6,4,1,,,,,,,2,4,2,1,1,2,,,3,3,3,2,3,,,1,,,1,1,1,1,1,2,1,,,,,,,6,,4,,,,4,4,1,1,1,1,1,1,,2,3,4,8,5,,2,1,1,7,,2,,,,,,4,4,,3,3,,2,,,,2,,,,,1,1,1,1,1,,,,1,4,,,,4,2,4,,,,,,,,,,,,,,,,,,,,,,,,,
arm,367.955760228,chc,,,,,,,,,3,,,,,,,,,,,,,,,,,,,,2,,,,,,,2,,,2,5,5,,,,,,,,,,,,,,1,,,,1,,4,,,,,,,,1,,,,,2,4,2,,1,,,,3,3,,,,1,,1,1,,1,1,1,1,1,2,1,,,,,,,6,2,,1,1,1,,,,1,,,,,1,,2,1,,,,,2,,,,2,2,2,2,1,,,,,,,,,,,,,,,,,,,,,1,,,,1,1,,,,1,4,4,7,3,,,,,,,,,,3,,,,4,4,1,11,,,,,,
arm,408.571401843,kab,5,1,5,4,2,4,3,5,3,,,1,,1,,,,,1,7,,,,,,,,,4,,,,,,,2,,,1,3,,,,,2,3,,,,,,,,,1,,,7,,,,,,,,,,,,,,,,4,,,,1,,,,,,,,,1,,1,1,,1,1,,1,,2,1,,,,,,,6,2,,1,1,,,,,2,,,,,2,,2,1,,,,,1,3,6,,5,,1,1,1,,,,,,,,,,,,1,,,,,,,,,1,,,,,4,,,,4,2,4,20,,,,,,,,,,,6,,,,4,4,8,2,,,,,,
arm,453.318692358,krd,4,3,3,4,2,2,1,2,2,,,1,3,1,,,,,1,4,,,,,,,,,3,,,,,,,2,6,4,,3,3,,,,,,,6,,,,3,,,9,,,2,,,2,,,,,,,,,,,,,4,1,,,,,,,,,,,,1,,1,1,,2,2,2,6,1,1,,1,,,,,1,,2,1,2,2,2,,,2,2,5,3,2,,,1,,,,,,,1,,,,,,,,,,,,,,,,,,,,,,,,,,,,,,,,,,3,,,,2,4,4,20,,,,,,,,,,,5,,,,4,4,2,11,,,,,,
arm,461.87574089,krc,,,,,,,,,2,,,,,,,,,,,,,,,,,,,,2,,,,,,,2,,,2,4,2,,,,,,,,,1,,,,,1,,,,,,2,,,,,,,,,,,,,2,1,1,,,,,,,,,,,1,,1,1,,1,1,1,1,1,2,1,,,,,,,6,2,,1,1,1,,,,2,,,,,2,,,,,,,,5,,,,2,,,,,,4,4,,,,,,2,2,,,,,,,,,,,,,,,,10,,,,4,3,4,16,4,,,,,,,,,,15,5,,,4,4,8,7,,,,,,
arm,477.76940619,abk,5,1,5,4,2,2,2,2,3,2,,1,3,1,1,7,6,,1,4,1,5,1,6,1,1,1,2,4,1,1,3,3,2,2,2,6,4,2,1,2,5,,3,2,1,,1,,3,2,4,2,2,9,2,5,7,1,,1,2,1,1,6,2,3,1,1,1,1,1,3,2,1,3,4,1,2,1,2,2,2,1,5,1,1,,1,1,3,1,1,2,1,3,2,1,,,,,,1,6,2,4,1,1,2,1,1,3,2,5,2,3,1,2,2,3,4,4,1,2,2,1,3,3,1,2,5,1,1,1,,4,4,2,2,3,3,2,2,2,,2,,,,,1,1,1,2,,,,,,11,,,,2,2,4,20,,,,,,,,,,,15,6,,,4,4,2,2,,,,,,
