knk,112.678079079,ter,5,2,5,4,2,1,3,4,,,,1,2,3,,,,,1,1,2,5,1,,,,,,2,,,,,,,8,,,,,,,,,,,,,,,,,,,9,1,,,,,2,2,1,2,,,,2,,,,,,5,1,3,,,,,,,,,,,2,,1,2,1,2,2,2,2,2,1,,1,,,,,,2,2,1,4,4,4,,,,,,,,,,,,,,,,,2,3,3,,1,4,,,,,,,,,,,,,,,,,,,,,,,,,,,,2,15,,2,,1,1,4,19,6,,15,,,2,4,5,7,2,,,,,,,,,,,,,,
knk,117.049833909,mum,3,2,3,4,2,1,3,2,,,,1,2,3,,,,,1,3,,,,,,,,,1,,,,,,,7,,,,1,2,,,,,,,6,,,,2,,,9,,,,,,4,,,,,,,,,,,,,3,5,1,3,,,,,,,,,,2,,1,2,,2,3,2,2,2,1,,1,,,,,,2,2,,4,4,4,,,1,4,1,1,1,,,2,,,,,,,2,,,,1,,,,,,,,,,,,,1,2,,,,,,,,,,,,,,,,15,,2,,1,1,4,19,6,,15,,,2,4,5,7,2,,,,,,,,,,,,,,
knk,118.96730766,per,,,,,,,,,,,,,,,,,,,,,,,,,,,,,4,,,,,,,9,3,,,3,4,,,,,,5,,1,,,,,,9,2,4,,,,2,,,,,,,,2,,,,,4,,,,,,,,,,,,,2,,1,2,,2,2,2,,2,1,,1,,,,,,2,2,5,4,4,4,,,,,,,,1,,,,,,,,,6,,,,1,,,,,,4,4,3,3,1,1,1,1,2,,,,,,,,,,,,,,,,14,1,,,1,1,4,18,,,14,,1,,4,5,7,3,,,,,,,,,,,,,,
knk,155.941214801,mrg,4,1,5,4,2,1,3,4,,,,1,,2,,,,,1,1,,5,1,,,,,,3,,,,,,,8,,,1,1,4,,,,2,2,1,,,2,,,,,9,2,,2,1,3,2,2,1,2,6,2,,2,,1,4,1,3,4,1,,1,,,,,,,,,,2,,1,2,,2,2,2,2,2,1,,1,,,,,2,2,2,1,4,4,4,,,,,,,,,,,,,,,,,2,,,,1,4,3,1,2,2,,,,,,,,,,,,,,,,,,,,,,,,,2,,,,4,1,4,4,6,,4,,,,4,8,7,1,,,,,,,,,,,,,,
knk,161.806976831,gud,,,,,,,,,,,,,,,,,,,,,,,,,,,,,2,,,,,,,2,,,3,3,,,,,,,,3,,,,2,,,9,,,,,,2,,,,,,,,,,,,,2,,,,,,,,,,,,,3,,2,2,1,2,2,1,4,2,1,,1,,,,,,2,1,1,4,4,3,,,1,1,1,1,1,,,2,,,,,,,2,,,,1,,3,1,2,,,,,,,,,,,,,,,,,,,,,,,,,,1,,,,1,4,4,1,1,1,8,,,,1,8,7,4,,,,,,,,,,,,,,
knk,190.025079801,doy,3,3,3,4,2,1,3,2,,1,5,1,3,3,,,,,1,3,,,,,,,,,2,,,,,,,2,5,,,2,4,,,,,,,6,,2,,2,,,9,,,,,,2,,,,,,,,2,,,,,3,,,,,,,,,,,,,2,,1,2,,4,1,2,,2,1,,1,,,,,,2,2,,5,4,4,,,2,6,5,4,2,2,,1,,,,,,2,6,,,,1,,,,,,,,,,,,,,,,,,,,,,,,,,,,,,16,16,,4,1,3,1,18,3,,14,,16,,4,5,6,3,,,,,,,,,,,,,,
knk,247.729771848,knr,4,3,3,4,2,1,1,2,1,2,,1,2,2,,,,,1,1,,,,,3,2,5,2,2,1,1,3,1,1,1,2,6,5,1,1,1,3,,3,2,,1,6,1,,,2,6,4,6,2,5,,1,3,2,2,1,1,4,2,6,2,2,1,1,1,3,2,1,4,4,2,2,3,3,1,1,1,2,1,1,,1,1,4,1,2,2,2,2,1,,1,,,,,2,6,1,5,1,2,2,2,2,2,2,5,2,4,1,,1,3,4,3,2,1,2,1,3,3,1,2,4,3,1,2,1,,,,3,1,1,1,1,2,,1,,,,,1,1,3,2,2,,,,,4,,,,4,2,4,20,,,,,,,,,,,6,,,,4,4,8,2,,,,,,
knk,260.079671832,ngz,4,2,5,4,2,1,3,4,3,,,1,2,2,,,,,1,1,,,,,,,,,2,,,,,,,2,,,,1,1,,,,2,2,,,,,,,,,9,,,,1,3,2,,,,1,2,,,,,,,,2,,,,,,,,,,,,,2,,1,2,1,2,2,2,2,2,1,,1,,,,,2,6,2,5,4,4,4,,,,4,,,,,,,,,,,,,2,,,,6,,2,1,1,,,,,,,,,1,1,3,,,,,,,,,,,,,,,2,,,,4,1,4,4,6,,4,,,,4,8,7,1,,,,,,,,,,,,,,
knk,262.071822626,fni,,,,,,,,,,,,,,,,,,,,,,,,,,,,,3,,,,,,,,,,1,1,,,,,,,,2,,,,2,1,1,7,2,6,,,,2,2,1,2,,,7,2,,,,,,2,,,1,,1,2,2,,,,,,2,,1,2,,2,,2,,2,1,,1,,,,,,,1,1,4,4,4,,,2,,5,2,3,,,1,,,,,,,1,,,,,3,1,1,2,,,,,3,2,1,,,,,,,,,,2,2,1,2,,,,,,4,,,,4,2,4,20,,,6,,,,4,8,2,4,,,,,,,,,,,,,,
knk,274.747831705,miy,,,,,,,,,,,,,,,,,,,,,,,,,,,,,2,1,,,2,2,3,2,6,,,1,1,,,,2,1,1,,,,1,,,,9,,,,1,,2,,,,6,,,,2,,,,,5,1,4,4,,,,,,,,,,7,4,3,2,1,2,2,2,1,2,1,,1,,,,,,2,3,1,4,4,4,,,,4,,,,2,,,,,,,,,6,3,3,1,1,,,,,,4,3,3,3,1,1,1,,,,,,,,,,,,,,,,,,14,14,,,1,1,4,18,,,14,,21,,4,5,5,3,,,,,,,,,22,7,5,2,3,
knk,279.554861706,anc,1,3,4,4,2,1,3,2,,,,1,3,3,,,,,1,1,,,,,,,,,1,,,,,,,7,,,,,,,,,,,,,,,,,,,9,,,,,,2,,,,,,,,,,,,,5,,,,,,,,,,,,,2,,1,2,1,2,2,2,2,2,1,,1,,,,,,2,2,,4,4,4,,,,,,,,,2,,,,,,,,4,,,,1,,,,,,,,,,,,,,,,,,,,,,,,,,,,,,2,,,,4,1,4,4,6,,4,,,,4,8,7,1,,,,,,,,,,,,,,
knk,295.849181887,fye,5,2,5,3,1,1,3,2,,,,1,2,2,,,,,1,1,,,,,,,,,3,,,,,,,1,6,,,1,1,,,,,,,,,,,,,,,,,,,,2,,,,,,,,,,,,,2,1,3,4,,,,,,,,,,2,,1,2,,2,2,2,2,2,1,,1,,,,,,2,2,1,4,4,4,,,,4,,,,2,,,,,,,,,2,,,,1,,,,,,4,,,,,,,,,,,,,,,,,,,,,,,,15,,2,,1,1,4,19,6,,15,,,5,3,8,7,2,,,,,,,,,,,,,,
knk,338.23533591,ker,2,2,3,4,2,1,3,2,,,,1,2,3,1,5,7,5,1,1,,,,,,,,,2,,1,1,,,,1,,4,3,1,,5,,1,1,1,,1,1,,,2,9,2,1,1,6,,,,2,,,,,,,,1,,,,,2,5,4,3,2,2,3,3,1,1,,,,2,,1,2,,2,2,2,2,2,1,,1,,,,,,2,2,1,4,4,4,1,1,2,,3,1,1,1,,2,,,,,,,2,3,3,1,1,,,,,,,,1,,,,,,,,,,,,,,,,,,,,,,2,,,,4,1,4,4,6,,4,,,,4,8,7,1,,,,,,,,,,,,,,
knk,348.916656565,bir,3,3,3,4,2,1,1,2,,,,1,2,3,,,,,1,3,,,,,,,,,6,,,,,,,1,,,,1,1,,,,,,,,,,,,,,9,,,,,,,,,,,,,2,,,,,,1,5,,3,2,,,,,,,,,2,,1,2,1,2,2,2,2,2,1,,1,,,,,,2,2,1,4,4,4,,,,2,,,,,,,,,,,,,2,1,7,,1,5,,,,,,,,,,,,,,,,,,,,,,,,,,,,,2,,,,4,1,4,4,6,,4,,,,4,8,7,1,,,,,,,,,,,,,,
knk,351.454256309,mup,,,,,,,,,,,,,,,,,,,,,,,,,,,,,1,,,,,,,7,,,1,1,1,,,,,,6,1,,,1,3,,,9,2,4,,1,,4,,,,5,,,,2,,,,,5,4,,,,,,,,,4,5,2,2,,1,2,1,2,2,2,2,2,1,,1,,,,,3,2,2,1,4,4,4,,,2,1,3,1,1,1,,2,,,,,,,4,,,,1,4,,,,,,,1,,,,2,1,2,,,,,,,,,,,,,,,,15,,2,,1,1,4,19,6,,15,,,5,3,8,7,2,,,,,,,,,,,,,,
knk,405.935045748,lel,,,,,,,,,,,,,,,,,,,,,,,,,,,,,2,,,,2,2,3,2,3,,,,1,,,,,,,1,,2,,2,,,9,,,,,,2,,,,,,6,,2,,,,,4,,,,,,,,,,,,,2,,1,2,,2,3,2,2,2,1,,1,,,,,,2,2,1,4,4,4,,,2,4,5,2,4,2,,2,,,,,,,2,,,1,1,,,,,,4,,1,,,,,,,,,3,1,5,3,,,,,,,,,,2,,,,4,1,4,4,6,,4,,,,4,8,7,1,,,,,,,,,,,,,,
knk,427.856773572,non,3,3,2,2,3,1,1,2,,,,1,3,3,,,,,1,1,,,,,,,,,4,,,,,,,1,,,,5,5,,,,,,,,,,,,,,2,,,,,,4,,,,,,,,,,,,,2,,,,,,,,,,,,,2,,1,2,1,4,2,2,2,2,1,,1,,,,,,2,2,1,5,4,4,,,,1,,,,,,,,,,,,,6,,,,1,,,,,,,,,,,,,,,,,,,,,,,,,,,,,,16,16,,3,1,1,4,18,,,14,,15,,3,5,7,3,,,,,,,,,,,,,,
knk,465.652679672,bab,,,,,,,,,,,,,,,,,,,,,,,,,,,,,,,,,5,3,3,,6,,,1,4,,,,,1,5,2,1,2,,2,,,9,,,,,,,,,,,,,2,2,,,,,,1,4,,,2,3,3,,,,,,2,,1,2,,2,,2,2,2,1,,1,,,,,1,2,,,4,4,4,,,1,1,1,1,1,4,,2,,,,,1,2,6,,,1,1,5,3,2,1,,3,3,1,,,,,2,2,,,,,,,,,,,,,,,,14,1,,,1,1,4,18,,,14,,1,,4,5,7,3,,,,,,,,,,,,,,
knk,474.518774675,bag,4,3,3,2,2,1,3,2,1,1,,1,2,3,7,8,1,,1,1,1,5,2,4,1,4,5,2,3,2,1,2,1,1,1,8,6,6,,1,4,3,,1,,,1,6,1,2,1,3,1,1,9,2,,,,,2,2,1,1,,,,,2,1,4,2,4,4,5,1,4,2,2,,,,,4,5,1,2,,1,2,1,2,2,2,2,2,1,,1,,,,,,2,2,1,4,4,4,1,,2,,5,2,2,1,2,2,3,4,8,5,1,1,2,3,3,1,1,,1,1,2,,4,3,2,,,,,,,,1,,,,,1,2,1,1,,,,,,2,,,,4,1,4,4,6,,4,,,,4,8,7,1,,,,,,,,,,,,,,
