bir,18.5324877778,mup,,,,,,,,,,,,,,,,,,,,,,,,,,,,,1,,,,,,,7,,,1,1,1,,,,,,6,1,,,1,3,,,9,2,4,,1,,4,,,,5,,,,2,,,,,5,4,,,,,,,,,4,5,2,2,,1,2,1,2,2,2,2,2,1,,1,,,,,3,2,2,1,4,4,4,,,2,1,3,1,1,1,,2,,,,,,,4,,,,1,4,,,,,,,1,,,,2,1,2,,,,,,,,,,,,,,,,15,,2,,1,1,4,19,6,,15,,,5,3,8,7,2,,,,,,,,,,,,,,
bir,55.5925129658,fye,5,2,5,3,1,1,3,2,,,,1,2,2,,,,,1,1,,,,,,,,,3,,,,,,,1,6,,,1,1,,,,,,,,,,,,,,,,,,,,2,,,,,,,,,,,,,2,1,3,4,,,,,,,,,,2,,1,2,,2,2,2,2,2,1,,1,,,,,,2,2,1,4,4,4,,,,4,,,,2,,,,,,,,,2,,,,1,,,,,,4,,,,,,,,,,,,,,,,,,,,,,,,15,,2,,1,1,4,19,6,,15,,,5,3,8,7,2,,,,,,,,,,,,,,
bir,75.408151961,anc,1,3,4,4,2,1,3,2,,,,1,3,3,,,,,1,1,,,,,,,,,1,,,,,,,7,,,,,,,,,,,,,,,,,,,9,,,,,,2,,,,,,,,,,,,,5,,,,,,,,,,,,,2,,1,2,1,2,2,2,2,2,1,,1,,,,,,2,2,,4,4,4,,,,,,,,,2,,,,,,,,4,,,,1,,,,,,,,,,,,,,,,,,,,,,,,,,,,,,2,,,,4,1,4,4,6,,4,,,,4,8,7,1,,,,,,,,,,,,,,
bir,166.226141065,miy,,,,,,,,,,,,,,,,,,,,,,,,,,,,,2,1,,,2,2,3,2,6,,,1,1,,,,2,1,1,,,,1,,,,9,,,,1,,2,,,,6,,,,2,,,,,5,1,4,4,,,,,,,,,,7,4,3,2,1,2,2,2,1,2,1,,1,,,,,,2,3,1,4,4,4,,,,4,,,,2,,,,,,,,,6,3,3,1,1,,,,,,4,3,3,3,1,1,1,,,,,,,,,,,,,,,,,,14,14,,,1,1,4,18,,,14,,21,,4,5,5,3,,,,,,,,,22,7,5,2,3,
bir,201.864622411,gwa,3,2,3,4,2,1,3,2,,,,1,3,3,,,,,1,3,,,,,,,,,,,,,,,,,,,,1,1,,,,,,,,,,,,,,,,,,,,,,,,,,,,,,,,,,5,1,2,2,,,,,,,,,7,1,1,3,6,4,1,2,2,2,1,,1,,,,,,2,2,1,5,5,5,,,,1,,,,,,,,,,,,,6,,,,1,,,,,,,,,,,,,,,,,,,,,,,,,,,,,,14,1,,,1,1,4,18,,,14,,19,,4,5,7,3,16,,12,,4,3,8,5,,,,,,
bir,237.711174238,per,,,,,,,,,,,,,,,,,,,,,,,,,,,,,4,,,,,,,9,3,,,3,4,,,,,,5,,1,,,,,,9,2,4,,,,2,,,,,,,,2,,,,,4,,,,,,,,,,,,,2,,1,2,,2,2,2,,2,1,,1,,,,,,2,2,5,4,4,4,,,,,,,,1,,,,,,,,,6,,,,1,,,,,,4,4,3,3,1,1,1,1,2,,,,,,,,,,,,,,,,14,1,,,1,1,4,18,,,14,,1,,4,5,7,3,,,,,,,,,,,,,,
bir,247.66464545,fni,,,,,,,,,,,,,,,,,,,,,,,,,,,,,3,,,,,,,,,,1,1,,,,,,,,2,,,,2,1,1,7,2,6,,,,2,2,1,2,,,7,2,,,,,,2,,,1,,1,2,2,,,,,,2,,1,2,,2,,2,,2,1,,1,,,,,,,1,1,4,4,4,,,2,,5,2,3,,,1,,,,,,,1,,,,,3,1,1,2,,,,,3,2,1,,,,,,,,,,2,2,1,2,,,,,,4,,,,4,2,4,20,,,6,,,,4,8,2,4,,,,,,,,,,,,,,
bir,319.594819854,mum,3,2,3,4,2,1,3,2,,,,1,2,3,,,,,1,3,,,,,,,,,1,,,,,,,7,,,,1,2,,,,,,,6,,,,2,,,9,,,,,,4,,,,,,,,,,,,,3,5,1,3,,,,,,,,,,2,,1,2,,2,3,2,2,2,1,,1,,,,,,2,2,,4,4,4,,,1,4,1,1,1,,,2,,,,,,,2,,,,1,,,,,,,,,,,,,1,2,,,,,,,,,,,,,,,,15,,2,,1,1,4,19,6,,15,,,2,4,5,7,2,,,,,,,,,,,,,,
bir,327.719821655,hau,4,2,4,4,3,1,5,2,3,2,,1,2,2,,,,,1,1,2,5,1,4,3,2,5,2,1,1,4,1,2,2,3,2,6,5,3,1,1,3,,1,4,1,1,1,1,2,,3,1,1,9,1,6,2,1,,2,2,1,1,,,7,2,2,2,4,2,4,5,2,4,3,2,2,1,2,1,1,4,5,1,2,,1,2,1,2,2,1,6,2,1,,1,,,,,2,2,3,1,4,4,3,1,1,1,4,1,1,1,3,2,1,3,4,3,2,1,2,2,3,3,1,1,4,2,1,1,2,4,3,2,3,2,1,,1,2,,1,,,,,1,1,1,1,1,,,,2,15,,1,,1,1,4,19,3,,15,,,1,4,3,7,3,,,,,,,,,,,,,,
bir,348.916656565,knk,4,2,3,2,2,1,3,4,,,,1,2,2,,,,,1,1,,,,,,,,,2,,,,,,,2,,,,3,,,,,,,,,,,,,,,9,,,,,,4,2,1,2,,,,,,1,1,1,4,2,,,,,,,,,,,,,2,,1,2,1,2,2,3,2,2,1,,1,,,,,,2,2,1,4,4,5,,,,,,,,,,,,,,,,,6,,,,1,,2,1,1,,,,,,,,,,,,,,,,,,,,,,,,,,14,1,,,1,1,4,18,,,14,,1,,4,5,7,3,,,,,,,,,,,,,,
bir,352.074757361,ngz,4,2,5,4,2,1,3,4,3,,,1,2,2,,,,,1,1,,,,,,,,,2,,,,,,,2,,,,1,1,,,,2,2,,,,,,,,,9,,,,1,3,2,,,,1,2,,,,,,,,2,,,,,,,,,,,,,2,,1,2,1,2,2,2,2,2,1,,1,,,,,2,6,2,5,4,4,4,,,,4,,,,,,,,,,,,,2,,,,6,,2,1,1,,,,,,,,,1,1,3,,,,,,,,,,,,,,,2,,,,4,1,4,4,6,,4,,,,4,8,7,1,,,,,,,,,,,,,,
bir,360.101713773,ter,5,2,5,4,2,1,3,4,,,,1,2,3,,,,,1,1,2,5,1,,,,,,2,,,,,,,8,,,,,,,,,,,,,,,,,,,9,1,,,,,2,2,1,2,,,,2,,,,,,5,1,3,,,,,,,,,,,2,,1,2,1,2,2,2,2,2,1,,1,,,,,,2,2,1,4,4,4,,,,,,,,,,,,,,,,,2,3,3,,1,4,,,,,,,,,,,,,,,,,,,,,,,,,,,,2,15,,2,,1,1,4,19,6,,15,,,2,4,5,7,2,,,,,,,,,,,,,,
bir,409.526682318,non,3,3,2,2,3,1,1,2,,,,1,3,3,,,,,1,1,,,,,,,,,4,,,,,,,1,,,,5,5,,,,,,,,,,,,,,2,,,,,,4,,,,,,,,,,,,,2,,,,,,,,,,,,,2,,1,2,1,4,2,2,2,2,1,,1,,,,,,2,2,1,5,4,4,,,,1,,,,,,,,,,,,,6,,,,1,,,,,,,,,,,,,,,,,,,,,,,,,,,,,,16,16,,3,1,1,4,18,,,14,,15,,3,5,7,3,,,,,,,,,,,,,,
bir,431.535887984,bab,,,,,,,,,,,,,,,,,,,,,,,,,,,,,,,,,5,3,3,,6,,,1,4,,,,,1,5,2,1,2,,2,,,9,,,,,,,,,,,,,2,2,,,,,,1,4,,,2,3,3,,,,,,2,,1,2,,2,,2,2,2,1,,1,,,,,1,2,,,4,4,4,,,1,1,1,1,1,4,,2,,,,,1,2,6,,,1,1,5,3,2,1,,3,3,1,,,,,2,2,,,,,,,,,,,,,,,,14,1,,,1,1,4,18,,,14,,1,,4,5,7,3,,,,,,,,,,,,,,
bir,439.914038761,igb,5,3,3,4,2,1,1,2,1,2,,1,1,2,,,,,1,3,,,,,,,,,,1,1,1,1,1,1,6,,4,,,,3,,1,,,,6,1,,,2,1,1,,,6,,1,,4,,,,,,,1,,,,,,2,1,1,4,2,2,1,2,1,1,4,5,1,2,,1,2,1,2,2,2,2,2,1,,1,,,,,,6,2,1,4,4,4,3,3,1,4,1,1,1,2,,2,3,4,3,4,1,2,,2,3,,6,5,3,1,1,2,,,,3,3,3,1,1,2,,3,,,,,,,,,,,,,2,,,,,,,,,,,,,,,,,,,,,,,,,,,,,,,,
bir,479.290360514,mrg,4,1,5,4,2,1,3,4,,,,1,,2,,,,,1,1,,5,1,,,,,,3,,,,,,,8,,,1,1,4,,,,2,2,1,,,2,,,,,9,2,,2,1,3,2,2,1,2,6,2,,2,,1,4,1,3,4,1,,1,,,,,,,,,,2,,1,2,,2,2,2,2,2,1,,1,,,,,2,2,2,1,4,4,4,,,,,,,,,,,,,,,,,2,,,,1,4,3,1,2,2,,,,,,,,,,,,,,,,,,,,,,,,,2,,,,4,1,4,4,6,,4,,,,4,8,7,1,,,,,,,,,,,,,,
bir,479.602304388,doy,3,3,3,4,2,1,3,2,,1,5,1,3,3,,,,,1,3,,,,,,,,,2,,,,,,,2,5,,,2,4,,,,,,,6,,2,,2,,,9,,,,,,2,,,,,,,,2,,,,,3,,,,,,,,,,,,,2,,1,2,,4,1,2,,2,1,,1,,,,,,2,2,,5,4,4,,,2,6,5,4,2,2,,1,,,,,,2,6,,,,1,,,,,,,,,,,,,,,,,,,,,,,,,,,,,,16,16,,4,1,3,1,18,3,,14,,16,,4,5,6,3,,,,,,,,,,,,,,
