kzy,469.440029715,kty,2,2,3,1,1,1,1,2,2,,,1,2,1,,,,,1,1,,,,,,,,,2,,,,,,,2,,,1,,,,,,,,,,,1,,,3,3,1,1,7,4,,,2,,,,,,,1,2,,,,,2,1,2,,2,2,3,3,,,,,,1,,1,1,,1,1,1,1,1,2,1,,,,,,1,,2,1,1,1,1,,,,2,,,,4,,,,,,,,,2,,,1,,5,2,2,2,,,,1,,,,,,,,1,,,,,,,,,,,,,3,1,,,,1,4,4,7,3,,,,,,,,,,3,,,,4,4,1,11,,,,,,
kzy,481.060454257,mns,,,,,,,,,2,,,,,,2,8,1,1,,,,,,,,,,,2,,,,1,1,1,2,,5,,5,5,,,,,,,,,3,1,,,,1,3,5,,,,2,,,,,,,,,,,,,2,1,2,,,2,2,3,,,,,,1,,1,1,,1,1,1,1,1,2,1,,,,,,1,1,2,5,1,1,1,,,,2,,,,,,,,,,,,2,2,1,7,,3,5,2,2,2,,,,,,,,,,,,,,,,,,,,,,,,,,1,,,,1,4,4,7,3,,,,,,,,,,3,,,,4,4,1,11,,,,,,
kzy,857.954601209,nen,4,2,4,2,1,1,1,2,1,2,,1,3,1,2,8,3,1,1,7,1,2,1,2,3,2,5,2,2,,3,2,1,1,1,2,,8,,,,3,,3,,,,6,,1,,3,6,4,1,3,7,4,1,,2,2,1,1,,,2,2,,2,1,1,4,2,2,4,1,2,2,,2,3,2,4,2,1,1,,1,1,3,1,1,1,1,1,,,,,,,,,,,,1,,1,2,2,2,2,2,4,1,,,1,,,,,,2,3,2,1,,,2,2,2,2,1,,,,,,,,,,,1,,,,,2,2,1,1,,,,,,1,,,,1,4,4,7,3,,,,,,,,,,3,,,,4,4,1,11,,,,,,
kzy,1132.67192574,chv,3,3,2,4,2,1,1,2,3,,,2,3,1,1,5,5,5,1,1,,,,,,,,,2,,,,1,1,1,2,5,7,1,5,5,,,,,,4,,,1,,,6,2,1,,4,4,1,,2,,,,,,,,,,,,,2,1,2,4,2,1,2,,,,,,,1,,1,1,4,1,1,1,1,1,2,1,,,,,,1,6,2,2,1,1,1,,,,,,,,,,,,,,,,2,1,,,,2,,,,,,,,,,,,,,,,1,,,,,2,2,1,1,1,,,,,4,,,,4,2,4,20,,,,,,,,,,,6,,,,4,4,8,2,,,,,,
kzy,1344.97823598,bsk,4,3,3,4,2,4,1,2,2,,,2,3,1,7,8,1,5,1,5,,,,,,,,,2,,,,,,,2,,,1,5,5,,,,,,,,,1,,,,,1,,4,4,,2,2,,,,,,,,,,,,,2,1,1,1,2,,,,,,,,,,,1,1,,1,1,1,1,1,2,1,,,,,,1,,,1,1,1,1,,,,2,,,,,,,,,,,,,1,,,,1,,,,,,,,,,,,,,,,,,,,,,,,,1,,,,,4,,,,4,2,4,20,,,,,,,,,,,21,,,,,,,,,,,,,
kzy,1358.20025415,rus,4,2,5,4,2,1,1,2,3,2,,1,3,1,1,5,6,5,1,1,1,2,1,3,2,2,2,2,2,3,3,3,3,2,3,2,6,6,4,5,5,3,,3,2,1,,3,2,1,2,2,6,6,1,3,7,5,1,,4,2,1,1,6,2,3,1,1,1,1,2,4,4,1,1,4,2,2,1,1,1,1,3,2,1,2,,1,2,,2,2,1,1,1,1,,1,,,,,1,3,1,1,4,4,3,2,2,2,1,2,2,1,1,3,1,3,4,8,5,2,2,2,1,7,1,1,1,2,2,2,4,1,1,1,2,2,2,1,1,2,,1,7,7,1,1,2,2,1,1,1,,,,2,1,,,,1,4,4,2,3,,2,,,,4,1,7,4,,,,,,,,,,,,,,
kzy,1400.62171135,sno,,,,,,,,,,,,,,,2,8,1,1,,,,,,,,,,,2,,,,,,,2,6,,2,5,5,,,,,,,,,1,,,6,3,1,1,7,,,,2,,,,,,,,1,,,,,2,1,1,1,,2,1,3,,,,,,2,,1,2,,1,1,1,,,,,,,,,,,,,,3,,3,,,,,,,,1,,,,,,,,,3,,,1,1,,,,,,,,1,,,,,1,2,,,,,,,,,,,3,,,,,1,,,,1,4,4,21,,,11,,,,,,7,4,,,,,,,,,,,,,,
kzy,1509.89193748,fin,2,3,2,4,2,1,1,2,2,2,,2,2,1,2,8,1,1,1,1,1,2,1,2,2,3,5,2,2,3,3,3,1,1,1,2,6,4,4,5,5,3,,3,2,1,1,6,2,3,1,3,8,3,1,2,7,1,1,3,2,2,1,1,6,2,4,1,1,2,1,2,3,2,1,2,1,2,2,1,1,2,5,4,2,1,2,,1,2,1,1,1,1,1,1,1,,1,,,,,1,3,1,1,3,4,3,2,2,2,6,2,4,1,1,2,1,3,4,8,5,2,2,3,2,1,1,1,1,2,2,1,4,1,1,1,2,2,2,2,2,2,,1,,,,,2,2,1,1,2,,,,2,1,,,,1,4,4,2,3,,2,,,,4,1,7,4,,,,,,,,,,,,,,
kzy,1519.40004313,ket,2,3,2,2,5,2,1,3,2,2,,1,3,1,,,,,1,1,1,5,2,2,1,1,1,2,5,,4,2,3,2,2,2,6,6,,5,5,3,,3,3,3,,6,,1,2,4,8,2,1,1,5,4,,,1,2,1,1,,,7,1,1,1,4,2,4,1,1,2,4,2,2,3,3,1,1,4,5,3,1,,1,1,,1,1,1,1,1,,,,,,,,1,,2,,1,,1,1,1,4,,5,2,2,2,,1,3,4,8,5,,2,,1,7,1,1,1,2,1,1,,,,1,,,,,,,,1,,,,,1,2,1,1,3,,,,3,1,,,,1,4,4,7,3,,,,,,,,,,3,,,,4,4,1,11,,,,,,
kzy,1635.48647115,est,,,,,,,,,,,,,,,2,8,2,1,,,,,,,,,,,2,,,,,,,2,,,4,5,5,,,,,,,,,1,,,8,2,1,1,7,,,,,,,,,,6,1,,,,,,2,1,3,1,2,,,,2,2,,,,2,,1,2,1,1,1,1,1,1,1,,1,,,,,1,5,1,1,3,4,3,,,,2,,,,,,,,,,,,,2,,,,1,,2,2,1,,,,,,,,,,,,,,,,,,,,,2,,,,,1,,,,1,4,4,2,3,,2,,,,4,1,7,4,,,,,,,,,,,,,,
kzy,1866.48395911,lat,2,2,3,4,2,1,1,2,3,2,,1,3,2,2,8,1,5,1,1,,,,,,,,,3,,3,2,2,2,3,2,6,4,,2,2,3,,3,2,1,5,2,2,1,2,2,5,6,1,1,7,5,1,1,4,,,,,,4,1,1,2,1,1,3,4,3,1,4,2,2,1,1,2,2,1,5,1,2,,3,2,,2,1,1,1,1,1,,1,,,,,1,1,1,1,4,4,3,2,2,2,1,2,4,1,1,,1,3,4,8,5,2,2,1,3,3,1,1,1,2,2,2,4,1,1,1,,,,,,,,1,,,,,,,,,1,,,,,3,,,,2,4,4,20,,,5,,,,4,2,7,4,,,,,,,,,,,,,,
kzy,2019.40857032,lit,5,2,4,4,2,1,1,3,,,,1,3,,1,5,6,4,1,1,,,,,,,,,2,,,,,,,2,6,,,5,5,,,,2,1,,,3,1,2,,6,3,1,3,7,5,,,,,,,,,,1,,,,,,2,1,1,4,,2,1,1,2,2,,,,2,,1,2,,2,1,1,1,1,1,,1,,,,,1,1,1,1,4,4,3,,,,2,,,,,3,,,,,,,,1,,,1,1,,2,2,2,,,,,,,,,1,2,,,,,,,,,,,3,,,,,3,,,,2,4,4,20,,,5,,,,4,2,7,4,,,,,,,,,,,,,,
kzy,2088.31872571,swe,,,,,,,,,,,,,,,1,4,4,5,,,,,,,,,,,2,,,,,,,2,6,,,3,2,,,,2,1,,,2,3,1,,2,3,9,1,7,,,,4,,,,,,5,1,,2,1,2,1,2,4,1,4,2,2,1,1,2,6,1,5,1,2,,1,2,1,2,1,1,1,1,1,,1,,,,,1,6,1,1,4,4,3,,,,1,,,,,,,,,,,,,2,,,3,4,5,2,2,1,,,,,,,,,,,,,,,,,,,,,2,,,,2,6,,,,1,1,4,16,,,13,1,,,4,1,1,4,,,,,,,,,,,,,,
kzy,2198.05047987,ukr,,,,,,,,,,,,,,,,,,,,,,,,,,,,,2,,,,3,2,3,2,,,,5,5,,,,,,,,,1,,,,,1,,7,5,,,4,,,,,,,,,,,,,2,1,1,4,,,,,,,3,5,1,2,,1,2,,2,,1,1,1,1,,1,,,,,,1,,1,4,4,3,,,,1,,,,,,,3,4,8,5,,,2,1,7,,1,,,,,,,,,,,,,1,2,,,,,,,,,,,1,,,,,1,,,,1,4,4,2,3,,2,,,,4,1,7,4,,,,,,,,,,,,,,
kzy,2355.8330011,nor,3,3,2,2,2,1,1,2,,,,2,3,2,1,4,4,4,1,1,,,,,,,,,2,,,,,,,2,,,3,3,2,,,,,,,,2,,1,,,,1,1,7,,,,4,,,,,,,,,,,,,2,4,1,4,2,,,,,,,,,2,,1,2,,2,3,1,1,1,1,,1,,,,,1,6,1,1,4,4,3,,,,1,,,,,,,,,,,,,2,,,,4,,,,,,,,,,,,,2,2,,,,,,,,,,,2,,,,,6,,,,1,1,4,16,,,13,1,,,4,1,1,4,,,,,,,,,,,,,,
kzy,2444.05233275,pol,4,2,5,4,2,1,1,2,,,,1,3,1,6,8,1,1,1,1,,,,,,,,,2,,,,,,,2,,,1,5,5,,,,,,,2,2,1,2,2,6,6,1,2,7,5,,,,,,,,,,1,,,,,,2,1,1,4,,2,1,1,,,3,5,1,2,,3,2,,2,2,1,1,1,1,,1,,,,,1,1,1,1,4,4,3,,,2,3,2,2,1,,3,1,,,,,,,2,,,1,1,5,2,2,2,,,,,,,,,2,2,,,,,,,,,,,3,,,,,1,,,,1,4,4,2,3,,2,,,,4,1,7,4,,,,,,,,,,,,,,
kzy,2485.20403686,chc,,,,,,,,,3,,,,,,,,,,,,,,,,,,,,2,,,,,,,2,,,2,5,5,,,,,,,,,,,,,,1,,,,1,,4,,,,,,,,1,,,,,2,4,2,,1,,,,3,3,,,,1,,1,1,,1,1,1,1,1,2,1,,,,,,,6,2,,1,1,1,,,,1,,,,,1,,2,1,,,,,2,,,,2,2,2,2,1,,,,,,,,,,,,,,,,,,,,,1,,,,1,1,,,,1,4,4,7,3,,,,,,,,,,3,,,,4,4,1,11,,,,,,
kzy,2495.48810365,kab,5,1,5,4,2,4,3,5,3,,,1,,1,,,,,1,7,,,,,,,,,4,,,,,,,2,,,1,3,,,,,2,3,,,,,,,,,1,,,7,,,,,,,,,,,,,,,,4,,,,1,,,,,,,,,1,,1,1,,1,1,,1,,2,1,,,,,,,6,2,,1,1,,,,,2,,,,,2,,2,1,,,,,1,3,6,,5,,1,1,1,,,,,,,,,,,,1,,,,,,,,,1,,,,,4,,,,4,2,4,20,,,,,,,,,,,6,,,,4,4,8,2,,,,,,
kzy,2505.46780064,ing,5,2,5,4,2,4,2,2,3,2,,1,3,1,2,8,1,,1,4,1,1,1,6,3,2,5,2,2,,3,3,5,2,3,2,,4,4,5,5,5,,1,2,,1,6,,,1,2,8,6,1,,6,2,1,3,4,2,1,1,6,4,1,,,,,,,2,4,2,1,1,2,,,3,3,3,2,3,,,1,,,1,1,1,1,1,2,1,,,,,,,6,,4,,,,4,4,1,1,1,1,1,1,,2,3,4,8,5,,2,1,1,7,,2,,,,,,4,4,,3,3,,2,,,,2,,,,,1,1,1,1,1,,,,1,4,,,,4,2,4,,,,,,,,,,,,,,,,,,,,,,,,,
kzy,2523.75407144,krc,,,,,,,,,2,,,,,,,,,,,,,,,,,,,,2,,,,,,,2,,,2,4,2,,,,,,,,,1,,,,,1,,,,,,2,,,,,,,,,,,,,2,1,1,,,,,,,,,,,1,,1,1,,1,1,1,1,1,2,1,,,,,,,6,2,,1,1,1,,,,2,,,,,2,,,,,,,,5,,,,2,,,,,,4,4,,,,,,2,2,,,,,,,,,,,,,,,,10,,,,4,3,4,16,4,,,,,,,,,,15,5,,,4,4,8,7,,,,,,
kzy,2541.12411523,oss,,,,,,,,,3,,,,,,1,1,2,5,,,,,,,,,,,2,,,,,,,2,,,1,,,,,,,,,6,1,1,,2,,,1,,6,4,,,4,1,1,2,,,,,,,,,,2,2,4,1,2,,,,,,,,,1,,1,1,,1,1,1,1,1,,,,,,,,,,,5,1,,1,,,2,,5,2,2,,,1,,,,,,,2,,,2,,,,,,,,,,,,,,,,,,,,,,2,2,1,1,1,,,,,1,,,,1,4,4,21,,,,,,,,,,,14,,,,,,,11,,,,,,
kzy,2545.57998712,god,,,,,,,,,3,,,,,,1,5,5,5,,,,,,,,,,,,,,,3,2,2,2,,,,,,,,,,,5,2,,,1,2,,,1,,,,,,,,,,,,1,,,,,,,,4,4,,1,,,,3,3,,,,,,1,1,,,1,1,1,1,7,2,2,,,,,,,,,,5,1,,,1,,1,1,1,,,2,1,2,8,5,,,1,3,3,,,,2,2,1,,,,,,,,,,,,,,,,,,,,,,,,,,4,,,,4,2,4,20,,,,,,,,,,,21,,,,,,,,,,,,,
kzy,2558.26314396,ava,5,2,5,4,1,4,2,4,,,,1,3,1,1,1,7,5,1,4,,,,,,,,,2,,,,,,,2,,,,,,,,,,,,,,,,,,,1,2,4,,1,,,,,,6,2,1,1,,,,,,2,1,2,4,1,,,,,,,,,1,,1,1,,1,1,1,1,1,,,,,,,,1,3,2,,1,,1,,,,,,,,,,,,,,,,,3,,,,1,2,2,2,1,,,,,,,,,,,,,,,,,,,,,,,,,1,2,,,,4,1,4,8,4,,,,,,,,,,4,,,,4,4,8,1,,,,,,
kzy,2572.09496348,ttu,5,2,5,4,1,4,2,4,3,,,1,3,1,,,,,1,4,,,,,,,,,2,,,,,,,2,,,,5,5,,,,,,,,,,,,,,1,,,,,,,,,,,,,,,,,,,2,1,1,,,,,,3,6,,,,1,,1,1,6,1,1,1,1,1,2,1,,,,,,,3,2,5,1,1,1,,,,,,,,,,,,,,,,,2,,,,1,,,,,,,,,,,,,,,,,,,,,,,,,,,,,,1,,,,1,4,4,7,3,,,,,,,,,,3,,,,4,4,1,11,,,,,,
kzy,2586.51834646,lak,5,1,5,4,2,4,2,2,3,2,,1,3,1,,,,,1,4,,,,,,,,,,,2,2,4,2,2,,6,4,1,,,3,,3,,,,6,,1,,2,8,2,1,2,,2,,,,,,,,,1,,1,,,,,,1,2,1,,2,1,2,1,1,,,,,,1,1,,1,,1,,,,,,,,,,,,,,1,,1,4,1,3,,3,2,1,1,,2,2,1,8,5,,,,,,1,,,,,,,,,1,,,,,,,,1,,,,,,,,,,,,,,,,,,,,,,,,,,,,,,,,,,,,,,,,,,,,,
