kkv,255.233497398,sul,,,,,,,,,1,,,,,,,,,,,,,,,,,,,,6,,,,,,,1,,,,5,5,,,,,,,,,,,,,,9,,,,1,,1,2,1,2,,,,,,,,,,1,,,,,,,,,,,,,2,,1,2,1,2,3,2,2,2,1,,1,,,,,2,6,2,1,4,4,4,,,,2,,,,,,,,,,,,,1,,,,6,,,,,,,,,,,,,,,,,,,,,1,1,1,1,,,,,,3,,,,2,4,4,20,,,5,,,,4,2,7,4,,,,,,,,,,,,,,
kkv,306.036259395,tla,,,,,,,,,,,,,,,3,8,1,,,,,,,,,,,,1,,,,,,,7,,,,1,1,,,,,,,6,,,,2,,,9,,,2,1,,2,,,,,,,2,,,,,,5,,,,,,,,,,,,,2,,3,2,1,2,2,3,1,1,1,,1,,,,,3,1,3,1,4,4,5,,,2,4,2,2,1,,,2,,,,,,,4,,,,1,3,1,1,2,,,,,,,,,,,,,,,,,,,,,,,,,,1,,,,1,4,4,21,,,11,,,,,,7,4,,,,,,,,,,,,,,
kkv,335.686855417,sue,5,2,2,2,2,1,1,1,3,2,,1,1,2,,,,,1,1,,,,,4,2,5,2,2,,2,2,1,1,1,,2,7,,,,5,,5,,,,6,2,,1,2,4,3,1,,,,1,,4,2,1,1,,,,,1,2,2,1,4,2,1,,4,2,2,,,2,4,1,5,1,1,,1,1,,1,1,2,2,2,,,,,,,,,6,2,1,1,,2,4,1,2,5,2,2,1,1,,2,3,4,8,5,,,,3,1,,2,,,,,,,,1,,,,,,,,,,,,,,,,,,,,,,1,,,,1,4,4,21,,,,,,,,,,,14,,,,,,,11,,,,,,
kkv,342.63962861,tgk,1,2,2,2,1,1,1,5,,,,1,2,1,2,8,1,5,1,1,,,,,,,,,1,1,,,,,,7,,,,1,1,,,,,,,6,,,,3,,,9,1,,,,,2,,,,,,,1,,,,,,5,,,,,,,,,,,,,2,,1,2,1,2,2,2,2,1,1,,1,,,,,2,2,2,1,4,4,4,,,2,4,3,1,1,,,2,,,,,,4,4,,,,1,5,1,1,2,,,,,,,,,,,,,,,,,,,,,,,,,,1,,,,1,4,4,2,3,,2,,,,4,1,7,4,,,,,,,,,,,,,,
kkv,360.025741104,klv,3,2,3,2,2,1,1,2,3,2,,1,2,1,1,3,4,,1,1,,,,,,,,,5,1,1,3,1,1,1,6,,4,,5,5,5,,5,3,1,4,3,1,4,,3,1,1,9,2,8,1,3,,2,,,,,,8,,,,,,,1,5,2,1,2,1,2,3,1,1,4,5,1,7,4,2,2,,2,1,2,2,1,1,,1,,,,,,6,1,1,4,4,4,1,,2,2,5,2,2,3,,2,3,4,8,5,1,1,2,1,7,1,6,3,1,1,2,,4,4,2,1,1,1,,,,,1,,,,,,,,,,,,,2,1,,,,1,4,4,21,,,13,27,,,,,7,4,,,,,,,,,20,,1,6,4,
kkv,385.091684405,adz,4,1,4,2,2,1,1,1,,,,1,,,,,,,1,1,,,,,,,,,,,,,,,,,,,,,,,,,,,,6,,,,2,,,,,,,,,,,,,,,,,,,,,,,,,,,,,,,,,,,2,,1,2,1,2,1,2,2,2,1,,1,,,,,,6,2,,4,4,4,,,1,,1,1,1,,,2,,,,,,,1,,,,6,,,,,,,,,,,,,,,,,,,,,,,,,,,,,,15,,5,,2,1,4,19,6,,15,,,9,4,4,7,3,,,,,,,,,,,,,,
kkv,423.618861168,wsk,,,,,,,,,,,,,,,,,,,,,,,,,3,1,5,2,2,1,,,,,,,,,,1,1,,,,,,,6,,,,4,,,9,2,,,,,1,2,1,2,,,,2,,,,,,2,,,,,,,,,,,,,1,,1,1,,1,1,2,2,2,,,,,,,,2,,2,,1,,2,,,2,,2,2,1,,,2,,,,,,,2,,,,1,4,2,1,2,,,,,,,,,,,,6,,,,,3,2,1,2,,,,,,1,,,,1,4,4,7,3,,,,,,,,,,3,,,,4,4,1,11,,,,,,
kkv,427.520922402,gmw,,,,,,,,,,,,,,,,,,,,,,,,,,,,,4,,,,,,,2,,,,1,2,,,,,,,6,,,,2,,,9,,,,,,2,,,,,,,,,,,,,1,,,,,,,,,,,,,1,,1,1,5,1,1,2,2,2,7,,3,3,,,,2,6,2,1,1,5,2,,,2,2,5,2,2,,,2,,,,,,,2,,,,6,,,,,,,,,,,,,,,,,,,,,,,,,,,,,,1,,,,1,4,4,7,3,,,,,,,,,,3,,,,4,4,1,11,,,,,,
kkv,433.439882133,ham,1,3,1,1,1,2,2,1,1,,,1,3,2,,,,,1,1,,,,,,,,,4,1,1,2,,,,,,4,,,,3,,3,,,,2,,,,1,8,6,,,,,,,1,,,,,,,,2,,,,,4,1,1,1,2,1,2,3,2,4,,,,1,,1,1,,1,,2,2,2,,,,,,,,1,2,2,,1,,2,1,1,2,2,5,2,2,,,2,,,,,,,1,2,1,,1,,,,,,,,,3,3,3,,,,,,,,,,,,,,,,,,,3,,,,2,4,4,20,,,,,,,,,,,5,,,,4,4,2,11,,,,,,
kkv,453.534023521,ame,5,2,3,2,3,1,1,2,3,2,,1,2,1,1,5,3,5,1,3,1,5,1,4,1,2,5,2,2,1,1,2,1,1,1,6,3,5,4,4,1,3,,3,3,1,1,6,1,2,1,2,1,1,9,2,5,1,1,2,2,2,1,4,4,2,2,2,2,2,2,1,2,2,5,4,1,2,3,3,3,1,1,4,5,2,1,,1,1,3,1,1,2,2,2,1,,1,,,,,2,2,2,2,1,2,2,1,1,2,,5,2,3,1,1,2,3,4,1,4,1,2,2,3,3,,1,4,2,1,2,2,2,2,2,2,3,1,1,,,,,,,,,1,1,1,1,,,,,2,15,,18,,1,2,4,19,,,,,,,,,,,17,,,14,4,2,3,4,,,,,,
kkv,454.097447416,yar,1,2,2,2,3,1,1,1,,,,1,1,1,,,,,1,1,,,,,,,,,2,,,,,,,2,,,,,,,,,,,,,,,,,,,1,,,,,,4,,,,,,,,,,,,,2,,,,,,,,,,,,,1,,1,1,,1,1,1,,2,2,1,,,,,,2,2,2,,1,1,1,,,,2,,,,,,,,,,,,,1,3,1,,1,,,,,,,,,,,,,1,2,,,,,,,,,,,,,,,,4,,,,4,2,4,20,,,,,,,,,,,6,,,,4,4,8,2,,,,,,
kkv,468.939902042,lon,,,,,,,,,1,,,,,,,,,,,,,,,,,,,,5,,,,,,,7,,,,1,2,,,,2,,,,,,,,,,9,,,,3,,2,,,,,,,2,,,,,,5,5,2,,,,,,,,,,,2,,1,2,1,2,2,2,2,2,1,,1,,,,,2,6,2,1,4,4,4,,,,4,,,,,,,,,,,,,2,,,,6,3,2,1,2,,,,,,,,,,,,,,,,,,,,,3,,,,,2,,,,4,1,4,4,6,,4,,,,4,8,7,1,,,,,,,,,,,,,,
kkv,477.361974512,ygr,1,2,3,2,2,1,3,3,,,,1,3,2,,,,,1,1,,,,,,,,,4,,,,,,,8,,,,4,2,,,,3,2,,,,,,,,,6,,,,,,3,,,,,,,,,1,4,1,3,4,,,,,,,,,,,,,1,,1,1,3,1,1,1,,2,2,1,,,,,4,,2,2,5,1,1,1,,,,2,,,,,,,,,,,,,1,,,,1,,2,2,2,,4,,,,,,,1,1,3,,,,,,,,,,,,,,,3,,,,2,4,4,20,,,,,,,,,,,5,,,,4,4,2,11,,,,,,
kkv,479.846718234,tau,,,,,,,,,,,,,,,,,,,,,,,,,3,2,5,2,3,,,,,,,9,4,,,4,1,,,,2,3,1,6,,,,1,,,6,2,1,,,,1,2,1,2,,,,,2,,,,,2,1,2,,,,,,1,1,,,,1,,1,1,,1,1,2,1,2,7,2,2,,,,,,2,2,5,1,5,2,,,2,2,5,2,3,3,,2,3,4,,,,,2,1,7,,1,,,,,,,,1,,,,,,,,,,,,,1,1,1,1,,,,,,1,,,,1,4,4,7,3,,,,,,,,,,3,,,,4,4,1,11,,,,,,
kkv,486.438955182,hua,,,,,,,,,,,,,,,,,,,,,,,,,3,3,3,2,3,,,,,,,,,,,,,,,,3,,,6,,,,2,7,4,1,2,,,1,,3,2,1,3,,,8,,,,,,,2,,,,,,,,,,,,,1,,1,1,,1,1,1,1,1,2,1,,,,,,,6,2,,1,1,1,,,2,2,5,2,3,,,2,,,,,,,1,,,,2,,,,,,,,,,,,,,,,,,,,,1,1,1,1,,,,,,3,,,,2,4,4,20,,,,,,,,,,,5,,,,4,4,2,11,,,,,,
kkv,492.481267126,dag,1,2,2,2,2,1,1,1,3,2,,1,2,,,,,,1,1,1,5,2,5,1,1,1,2,2,1,1,2,1,1,1,,,4,,5,5,3,,2,,,,6,1,,,2,9,3,1,,,,,,2,2,1,2,,,,1,,2,1,1,4,2,1,,1,,1,2,3,1,1,4,5,1,1,,1,1,,1,1,2,2,2,1,,1,,,,,2,,2,,1,2,2,1,1,2,2,5,2,3,,,2,3,4,8,5,,,2,1,7,,,4,2,2,1,,4,,,,,,,,,,3,,,,,1,1,1,1,,,,,,1,,,,1,4,4,7,3,,,,,,,,,,3,,,,4,4,1,11,,,,,,
