doy,160.009527119,mum,3,2,3,4,2,1,3,2,,,,1,2,3,,,,,1,3,,,,,,,,,1,,,,,,,7,,,,1,2,,,,,,,6,,,,2,,,9,,,,,,4,,,,,,,,,,,,,3,5,1,3,,,,,,,,,,2,,1,2,,2,3,2,2,2,1,,1,,,,,,2,2,,4,4,4,,,1,4,1,1,1,,,2,,,,,,,2,,,,1,,,,,,,,,,,,,1,2,,,,,,,,,,,,,,,,15,,2,,1,1,4,19,6,,15,,,2,4,5,7,2,,,,,,,,,,,,,,
doy,190.025079801,knk,4,2,3,2,2,1,3,4,,,,1,2,2,,,,,1,1,,,,,,,,,2,,,,,,,2,,,,3,,,,,,,,,,,,,,,9,,,,,,4,2,1,2,,,,,,1,1,1,4,2,,,,,,,,,,,,,2,,1,2,1,2,2,3,2,2,1,,1,,,,,,2,2,1,4,4,5,,,,,,,,,,,,,,,,,6,,,,1,,2,1,1,,,,,,,,,,,,,,,,,,,,,,,,,,14,1,,,1,1,4,18,,,14,,1,,4,5,7,3,,,,,,,,,,,,,,
doy,197.99407737,gud,,,,,,,,,,,,,,,,,,,,,,,,,,,,,2,,,,,,,2,,,3,3,,,,,,,,3,,,,2,,,9,,,,,,2,,,,,,,,,,,,,2,,,,,,,,,,,,,3,,2,2,1,2,2,1,4,2,1,,1,,,,,,2,1,1,4,4,3,,,1,1,1,1,1,,,2,,,,,,,2,,,,1,,3,1,2,,,,,,,,,,,,,,,,,,,,,,,,,,1,,,,1,4,4,1,1,1,8,,,,1,8,7,4,,,,,,,,,,,,,,
doy,250.405610231,per,,,,,,,,,,,,,,,,,,,,,,,,,,,,,4,,,,,,,9,3,,,3,4,,,,,,5,,1,,,,,,9,2,4,,,,2,,,,,,,,2,,,,,4,,,,,,,,,,,,,2,,1,2,,2,2,2,,2,1,,1,,,,,,2,2,5,4,4,4,,,,,,,,1,,,,,,,,,6,,,,1,,,,,,4,4,3,3,1,1,1,1,2,,,,,,,,,,,,,,,,14,1,,,1,1,4,18,,,14,,1,,4,5,7,3,,,,,,,,,,,,,,
doy,254.963998286,ker,2,2,3,4,2,1,3,2,,,,1,2,3,1,5,7,5,1,1,,,,,,,,,2,,1,1,,,,1,,4,3,1,,5,,1,1,1,,1,1,,,2,9,2,1,1,6,,,,2,,,,,,,,1,,,,,2,5,4,3,2,2,3,3,1,1,,,,2,,1,2,,2,2,2,2,2,1,,1,,,,,,2,2,1,4,4,4,1,1,2,,3,1,1,1,,2,,,,,,,2,3,3,1,1,,,,,,,,1,,,,,,,,,,,,,,,,,,,,,,2,,,,4,1,4,4,6,,4,,,,4,8,7,1,,,,,,,,,,,,,,
doy,259.615397402,mrg,4,1,5,4,2,1,3,4,,,,1,,2,,,,,1,1,,5,1,,,,,,3,,,,,,,8,,,1,1,4,,,,2,2,1,,,2,,,,,9,2,,2,1,3,2,2,1,2,6,2,,2,,1,4,1,3,4,1,,1,,,,,,,,,,2,,1,2,,2,2,2,2,2,1,,1,,,,,2,2,2,1,4,4,4,,,,,,,,,,,,,,,,,2,,,,1,4,3,1,2,2,,,,,,,,,,,,,,,,,,,,,,,,,2,,,,4,1,4,4,6,,4,,,,4,8,7,1,,,,,,,,,,,,,,
doy,278.538210499,lel,,,,,,,,,,,,,,,,,,,,,,,,,,,,,2,,,,2,2,3,2,3,,,,1,,,,,,,1,,2,,2,,,9,,,,,,2,,,,,,6,,2,,,,,4,,,,,,,,,,,,,2,,1,2,,2,3,2,2,2,1,,1,,,,,,2,2,1,4,4,4,,,2,4,5,2,4,2,,2,,,,,,,2,,,1,1,,,,,,4,,1,,,,,,,,,3,1,5,3,,,,,,,,,,2,,,,4,1,4,4,6,,4,,,,4,8,7,1,,,,,,,,,,,,,,
doy,289.546231305,fni,,,,,,,,,,,,,,,,,,,,,,,,,,,,,3,,,,,,,,,,1,1,,,,,,,,2,,,,2,1,1,7,2,6,,,,2,2,1,2,,,7,2,,,,,,2,,,1,,1,2,2,,,,,,2,,1,2,,2,,2,,2,1,,1,,,,,,,1,1,4,4,4,,,2,,5,2,3,,,1,,,,,,,1,,,,,3,1,1,2,,,,,3,2,1,,,,,,,,,,2,2,1,2,,,,,,4,,,,4,2,4,20,,,6,,,,4,8,2,4,,,,,,,,,,,,,,
doy,293.376410565,ter,5,2,5,4,2,1,3,4,,,,1,2,3,,,,,1,1,2,5,1,,,,,,2,,,,,,,8,,,,,,,,,,,,,,,,,,,9,1,,,,,2,2,1,2,,,,2,,,,,,5,1,3,,,,,,,,,,,2,,1,2,1,2,2,2,2,2,1,,1,,,,,,2,2,1,4,4,4,,,,,,,,,,,,,,,,,2,3,3,,1,4,,,,,,,,,,,,,,,,,,,,,,,,,,,,2,15,,2,,1,1,4,19,6,,15,,,2,4,5,7,2,,,,,,,,,,,,,,
doy,370.761805019,knr,4,3,3,4,2,1,1,2,1,2,,1,2,2,,,,,1,1,,,,,3,2,5,2,2,1,1,3,1,1,1,2,6,5,1,1,1,3,,3,2,,1,6,1,,,2,6,4,6,2,5,,1,3,2,2,1,1,4,2,6,2,2,1,1,1,3,2,1,4,4,2,2,3,3,1,1,1,2,1,1,,1,1,4,1,2,2,2,2,1,,1,,,,,2,6,1,5,1,2,2,2,2,2,2,5,2,4,1,,1,3,4,3,2,1,2,1,3,3,1,2,4,3,1,2,1,,,,3,1,1,1,1,2,,1,,,,,1,1,3,2,2,,,,,4,,,,4,2,4,20,,,,,,,,,,,6,,,,4,4,8,2,,,,,,
doy,372.19569642,non,3,3,2,2,3,1,1,2,,,,1,3,3,,,,,1,1,,,,,,,,,4,,,,,,,1,,,,5,5,,,,,,,,,,,,,,2,,,,,,4,,,,,,,,,,,,,2,,,,,,,,,,,,,2,,1,2,1,4,2,2,2,2,1,,1,,,,,,2,2,1,5,4,4,,,,1,,,,,,,,,,,,,6,,,,1,,,,,,,,,,,,,,,,,,,,,,,,,,,,,,16,16,,3,1,1,4,18,,,14,,15,,3,5,7,3,,,,,,,,,,,,,,
doy,404.210948545,anc,1,3,4,4,2,1,3,2,,,,1,3,3,,,,,1,1,,,,,,,,,1,,,,,,,7,,,,,,,,,,,,,,,,,,,9,,,,,,2,,,,,,,,,,,,,5,,,,,,,,,,,,,2,,1,2,1,2,2,2,2,2,1,,1,,,,,,2,2,,4,4,4,,,,,,,,,2,,,,,,,,4,,,,1,,,,,,,,,,,,,,,,,,,,,,,,,,,,,,2,,,,4,1,4,4,6,,4,,,,4,8,7,1,,,,,,,,,,,,,,
doy,408.475743356,bab,,,,,,,,,,,,,,,,,,,,,,,,,,,,,,,,,5,3,3,,6,,,1,4,,,,,1,5,2,1,2,,2,,,9,,,,,,,,,,,,,2,2,,,,,,1,4,,,2,3,3,,,,,,2,,1,2,,2,,2,2,2,1,,1,,,,,1,2,,,4,4,4,,,1,1,1,1,1,4,,2,,,,,1,2,6,,,1,1,5,3,2,1,,3,3,1,,,,,2,2,,,,,,,,,,,,,,,,14,1,,,1,1,4,18,,,14,,1,,4,5,7,3,,,,,,,,,,,,,,
doy,424.127559207,fye,5,2,5,3,1,1,3,2,,,,1,2,2,,,,,1,1,,,,,,,,,3,,,,,,,1,6,,,1,1,,,,,,,,,,,,,,,,,,,,2,,,,,,,,,,,,,2,1,3,4,,,,,,,,,,2,,1,2,,2,2,2,2,2,1,,1,,,,,,2,2,1,4,4,4,,,,4,,,,2,,,,,,,,,2,,,,1,,,,,,4,,,,,,,,,,,,,,,,,,,,,,,,15,,2,,1,1,4,19,6,,15,,,5,3,8,7,2,,,,,,,,,,,,,,
doy,447.748494039,ngz,4,2,5,4,2,1,3,4,3,,,1,2,2,,,,,1,1,,,,,,,,,2,,,,,,,2,,,,1,1,,,,2,2,,,,,,,,,9,,,,1,3,2,,,,1,2,,,,,,,,2,,,,,,,,,,,,,2,,1,2,1,2,2,2,2,2,1,,1,,,,,2,6,2,5,4,4,4,,,,4,,,,,,,,,,,,,2,,,,6,,2,1,1,,,,,,,,,1,1,3,,,,,,,,,,,,,,,2,,,,4,1,4,4,6,,4,,,,4,8,7,1,,,,,,,,,,,,,,
doy,450.261152991,miy,,,,,,,,,,,,,,,,,,,,,,,,,,,,,2,1,,,2,2,3,2,6,,,1,1,,,,2,1,1,,,,1,,,,9,,,,1,,2,,,,6,,,,2,,,,,5,1,4,4,,,,,,,,,,7,4,3,2,1,2,2,2,1,2,1,,1,,,,,,2,3,1,4,4,4,,,,4,,,,2,,,,,,,,,6,3,3,1,1,,,,,,4,3,3,3,1,1,1,,,,,,,,,,,,,,,,,,14,14,,,1,1,4,18,,,14,,21,,4,5,5,3,,,,,,,,,22,7,5,2,3,
doy,461.690350314,bag,4,3,3,2,2,1,3,2,1,1,,1,2,3,7,8,1,,1,1,1,5,2,4,1,4,5,2,3,2,1,2,1,1,1,8,6,6,,1,4,3,,1,,,1,6,1,2,1,3,1,1,9,2,,,,,2,2,1,1,,,,,2,1,4,2,4,4,5,1,4,2,2,,,,,4,5,1,2,,1,2,1,2,2,2,2,2,1,,1,,,,,,2,2,1,4,4,4,1,,2,,5,2,2,1,2,2,3,4,8,5,1,1,2,3,3,1,1,,1,1,2,,4,3,2,,,,,,,,1,,,,,1,2,1,1,,,,,,2,,,,4,1,4,4,6,,4,,,,4,8,7,1,,,,,,,,,,,,,,
doy,475.756215552,mup,,,,,,,,,,,,,,,,,,,,,,,,,,,,,1,,,,,,,7,,,1,1,1,,,,,,6,1,,,1,3,,,9,2,4,,1,,4,,,,5,,,,2,,,,,5,4,,,,,,,,,4,5,2,2,,1,2,1,2,2,2,2,2,1,,1,,,,,3,2,2,1,4,4,4,,,2,1,3,1,1,1,,2,,,,,,,4,,,,1,4,,,,,,,1,,,,2,1,2,,,,,,,,,,,,,,,,15,,2,,1,1,4,19,6,,15,,,5,3,8,7,2,,,,,,,,,,,,,,
doy,479.602304388,bir,3,3,3,4,2,1,1,2,,,,1,2,3,,,,,1,3,,,,,,,,,6,,,,,,,1,,,,1,1,,,,,,,,,,,,,,9,,,,,,,,,,,,,2,,,,,,1,5,,3,2,,,,,,,,,2,,1,2,1,2,2,2,2,2,1,,1,,,,,,2,2,1,4,4,4,,,,2,,,,,,,,,,,,,2,1,7,,1,5,,,,,,,,,,,,,,,,,,,,,,,,,,,,,2,,,,4,1,4,4,6,,4,,,,4,8,7,1,,,,,,,,,,,,,,
doy,487.969894325,mby,,,,,,,,,,1,4,,,,,,,,,,,,,,,,,,2,,,,,,,8,,,,,,,,,,,1,,,2,,3,,,1,,,,,,2,,,,,,,,2,,,,,,4,2,,,,,,,,,,,2,,1,2,1,4,2,2,2,2,1,,1,,,,,,2,2,,5,4,4,,,2,2,5,5,2,2,,2,,,,,,,2,,,1,1,,,,,2,,,3,,,,,1,2,,,,,,,,,,,1,,,,,2,,,,4,1,4,4,6,,4,,,,4,8,7,1,,,,,,,,,,,,,,
