mixt, mxc, 2, 2, 3, 4, 1, 1, 1, 2, 3, 1, , 1, 1, 3, , , , , 1, 5, 1, 5, 1, 3, 4, 4, 5, 2, 6, , 1, 3, 5, 2, 2, 7, 4, 8, 4, 5, 5, 4, , 4, 2, , 1, 6, 2, , 1, 3, 1, 1, 9, , 1, , 1, , 4, 2, 1, 1, , 3, 8, , 1, 1, 4, 1, 4, 1, 4, 2, 4, 2, 2, 2, 3, 1, 1, 2, 2, 1, 3, , 2, 2, 1, 2, 2, 2, 2, 1, 1, , 1, , , , , 3, 6, 1, 1, 4, 4, 4, 1, 1, 2, 6, 2, 2, 1, 1, , 2, 3, 4, 8, 5, 1, 2, 2, 1, 7, 2, 7, , , , , , 4, 4, 2, 1, 1, 1, 1, , , , 2, , , , , 1, 1, 1, 1, , , , , , 1, , , , 1, 4, 4, 9, 3, , , , , , , , , , , , , , , , , , 1, , 1, 6, 4, 
aztc, nht, 2, 2, 3, 1, 1, 1, 1, 1, , , , 1, 2, 1, 6, 8, 1, , 1, 1, , , , , , , , , 4, , 1, 3, 1, 1, 1, 2, , 6, , 5, 5, 3, , 3, , , 2, 6, 3, 1, 2, 4, 1, 1, 9, , , , 1, 1, 1, , , , 6, , , , 1, , , , , 2, 1, 1, 1, 2, 3, 3, 3, 2, 4, 3, 1, 1, 2, , 3, 2, 1, 2, 2, 2, 1, 1, 1, , 1, , , , , 1, 6, 1, 1, 4, 4, 4, 1, 1, 2, 2, 5, 5, 2, 2, , 1, , , , , 2, 2, 2, 1, 7, 2, 6, , 3, 2, 1, , , , 2, 2, 1, 1, 1, 1, 2, , 1, , , , , , , , , , , , , , 1, , , , 1, 4, 4, 21, , , 11, , , , , , 7, 4, , , , , , , , , , , , , , 
evan, pms, 2, 2, 3, 1, 1, 1, 1, 2, 1, 2, , 1, 2, 1, 5, 8, 1, , 1, 1, , , , , , , , , 5, 1, 1, 3, , , , 7, , 5, , 1, 4, 5, , 5, , , 2, 6, , 2, , 3, 1, 1, 9, , , , , , 2, 1, 3, 3, , , 7, , 2, , , , , 1, 1, 4, 4, 2, , 2, , 1, 1, , , , 2, , 1, 2, , 2, 2, 2, , 2, 1, , 1, , , , , , 6, 2, 1, 4, 4, 4, 1, 1, 2, 2, 5, 4, 2, 1, , 2, 3, 4, 8, 5, 1, 1, 1, 3, 3, 1, 6, , 3, 1, 1, , 4, 3, 2, , 1, , 1, , , , , , , , , , , , , , , , , 2, 3, , , , 2, 4, 4, 20, , , 5, , , , 4, 2, 7, 4, , , , , , , , , , , , , , 
arab, asy, , , , , , , , , , , , , , , 1, 4, 4, 1, , , , , , , , , , , 3, 1, , , 2, 2, 3, 6, , , , 3, 4, , , , , , , , , , , , , , 7, , , , , , 2, , , , , , , , , , , , , 4, , , , , , , , , , , , , 7, 3, 3, 2, , 2, 2, 2, 6, 3, 1, , 1, , , , , 3, 2, 1, 1, 4, 4, 4, , , , 2, , , , , , , , , , , , , 2, , , , 1, , , , , , , , , , , , , , , , , , , , , , , , , , , , , , 1, , , , 1, 4, 4, 16, 3, , 13, 10, , , 4, 1, 7, 4, , , , , , , , , 14, , 1, 6, 4, 
arab, arg, , , , , , , , , , , , , , , 1, 3, 2, , , , , , , , , , , , 3, , , , 2, 2, 3, 6, , , , 3, 4, , , , 2, 2, , , , , 1, , , , 9, 2, 6, , , , 2, , , , , , , , , , , , , 4, 1, 2, , , 2, 1, 2, 2, 2, , , , 2, , 1, 2, 1, 2, 2, 2, 6, 1, 1, , 1, , , , , 1, 6, 2, 1, 4, 4, 4, , , , 2, , , , , , , , , , , , , 2, , , , 6, , , , , 1, , , , 2, 2, 2, 2, , , , , , , , , , , , , , , , , , 1, , , , 1, 4, 4, 2, 3, , 2, , , , 4, 1, 7, 4, , , , , , , , , , , , , , 
arab, amr, , , , , , , , , 3, , , , , , , , , , , , , , , , , , , , 3, , , , , , , 6, , , , 3, 3, , , , , , , , , , , , , , 9, , 7, , 1, 1, 2, , , , , 2, , , , , , , , 4, 1, 3, 4, 2, 2, 1, 2, , , 4, 2, 1, , , 2, 2, , 2, 2, 2, 1, 1, 1, , 1, , , , , 2, 1, , 1, 4, 4, 4, , , , 2, , , , , , , , , , , , , 6, , , , 1, , 2, 2, 2, 1, , , , , , , , 1, 2, , , , , , , , , , , , , , , 1, 14, 4, , , 2, 2, 4, 18, , , , , , , , , , , , , , , , , , , 22, 6, 6, 4, 4, 
arab, aeg, 3, 2, 4, 4, 3, 4, 1, 2, 3, 2, , 1, 3, 1, 1, 4, 7, 1, 1, 4, 6, 5, 3, 4, 4, 4, 5, 2, 3, 1, 1, 2, 2, 2, 3, 6, 6, 4, 4, 3, 4, 3, , 3, 2, 1, 5, 1, 1, 2, , 3, 1, 1, 9, 2, 6, 1, 1, , 2, 2, 1, 1, , , 6, 1, 1, 1, 1, 1, 4, 4, 1, 3, 4, 2, 2, 1, 1, 1, 1, 4, 2, 1, 2, , 1, 2, 1, 2, 2, 2, 2, 3, 1, , 1, , , , , 2, 1, 2, 1, 4, 4, 4, 1, 1, 2, 2, 5, 4, 2, 4, 2, 1, 3, 4, 8, 5, 2, 2, 2, 1, 7, 1, 1, 1, 2, 2, 2, , 4, 3, 2, , , , , , , , 1, , , , , 1, 1, 1, 1, 1, , , , , 15, , 14, , 3, 2, 4, 19, 3, , 15, , , 15, 4, 7, 6, 4, , , , , , , , , , , , , , 
ekir, bel, , , , , , , , , , , , , , , , , , , , , 1, 1, 1, 4, 3, 3, 3, 2, 3, , , , , , , , 5, , 1, , , , , , 2, , , , , , , , , , 1, , , , 3, 3, 1, 1, 1, 1, 6, 4, , , , , , , , 2, 1, , , , , , , , , , , , , , 1, 1, , , 1, 1, , 1, 2, 1, , 6, , , , , 2, , , , 1, 1, , , , 2, , , , 3, , , , , , , , , 1, , , , 1, , , , , , , , , , , , , , , , , , , , , 1, 1, 1, 1, , , , , 3, 15, , 8, , 2, 2, 4, 19, , , , , , , , , , , 17, , , 21, , , , , , , , , , 
ekir, lim, , , , , , , , , 1, , , , , , , , , , , , , , , , , , , , 2, , , , , , , 9, , 5, 1, , 3, , , , 2, 3, 3, 6, 1, , , 2, , , 1, 2, 1, , 1, , , 1, 1, 3, , , , 2, , , , , , 2, 1, 2, , 1, , , , 2, 4, , , , , , 1, 1, , , 1, 1, 1, 1, 2, 1, , , , , , 1, , 2, 4, , 1, 1, , , 5, 2, 5, 5, 4, , , 1, , , , , 2, 2, 6, , , , , 2, , , , 1, , , , 3, 2, 2, 1, , , , , , , , , , , , , , , , , , 14, 4, , , 2, 2, 4, 18, , , , , , , , , , , 16, , 18, , , , , , , , , , , 
lmal, ind, 3, 2, 3, 4, 2, 1, 1, 2, 1, 2, , 1, 3, 1, 6, 8, 1, 1, 1, 1, 2, 5, 1, 3, 4, 4, 4, 1, 2, 2, 1, 1, 1, 1, 1, 5, 4, 4, 3, 2, 4, 5, , 1, 2, 1, 1, 6, 4, 2, 1, 2, 1, 1, 9, 3, 5, 1, 2, 3, 4, 2, 1, 1, 1, 5, 3, 2, 1, 2, 4, 2, 2, 2, 5, 2, 4, 2, 1, 3, 3, 1, 1, 4, 5, 1, 2, , 1, 2, 1, 2, 2, 2, 2, 1, 1, , 1, , , , , 1, 5, 3, 1, 4, 4, 4, 1, 1, 2, 1, 3, 2, 1, 4, 2, 1, 3, 4, 2, 4, 1, 2, 4, 1, 7, 1, 1, 3, 1, 1, 2, , 4, 4, 1, 1, 1, 1, 1, 2, 2, , 1, , , , , 1, 1, 1, 2, 2, , , , , 1, , , , 1, 4, 4, 2, 3, , 2, , , , 4, 1, 7, 4, , , , , , , , , , , , , , 
