"Trans-New Guinea","Angan",,"Lower Sepik-Ramu","Lower Sepik",,,434.007518736,170,ham,1,3,1,1,1,2,2,1,1,,,1,3,2,,,,,1,1,,,,,,,,,4,1,1,2,,,,,,4,,,,3,,3,,,,2,,,,1,8,6,,,,,,,1,,,,,,,,2,,,,,4,1,1,1,2,1,2,3,2,4,,,,1,,1,1,,1,,2,2,2,,,,,,,,1,2,2,,1,,2,1,1,2,2,5,2,2,,,2,,,,,,,1,2,1,,1,,,,,,,,,3,3,3,,,,,,,,,,,,,,,,,,,3,,,,2,4,4,20,,,,,,,,,,,5,,,,4,4,2,11,,,,,,
"Trans-New Guinea","Mek",,"Lower Sepik-Ramu","Lower Sepik",,,393.432958979,170,una,3,3,2,2,5,1,1,2,2,,,1,2,2,,,,,1,1,,,,,,,,,2,,4,3,1,1,1,,,4,,,,3,,3,,,,6,,,,2,1,3,9,2,4,,,,1,,,,,,,,,,,,,2,1,4,,2,1,2,3,1,1,,,,1,,1,1,,1,1,2,1,2,2,1,,,,,,1,6,2,,1,1,2,4,4,2,2,5,2,3,,,2,3,4,2,4,,2,2,1,7,,2,,,,,,,,,,,,,,,,5,,,,,,,,,,,,,,1,,,,1,4,4,7,3,,,,,,,,,,3,,,,4,4,1,11,,,,,,
"Border","Border",,"Lower Sepik-Ramu","Lower Sepik",,,303.098538584,170,imo,1,3,1,1,1,1,1,2,3,2,,1,3,1,,,,,1,1,1,1,1,6,3,3,3,2,,,4,1,1,1,1,9,1,2,,5,5,4,,1,2,1,1,6,1,,1,2,5,2,6,2,1,1,1,2,4,2,1,2,6,4,8,,2,1,1,1,3,2,4,4,4,2,1,2,3,1,1,4,5,2,,,1,1,,1,1,2,6,2,7,3,,2,,,,3,,,,1,5,2,6,6,1,5,1,1,1,1,4,2,3,4,3,4,,,2,3,4,,1,,2,1,2,,4,4,1,,1,1,,,,,6,,,,,1,1,1,1,,,,,,1,,,,1,4,4,21,,,,,,,,,,,18,,,,,,,,,,,,,
"Trans-New Guinea","Madang",,"Lower Sepik-Ramu","Lower Sepik",,,272.187807091,170,wsk,,,,,,,,,,,,,,,,,,,,,,,,,3,1,5,2,2,1,,,,,,,,,,1,1,,,,,,,6,,,,4,,,9,2,,,,,1,2,1,2,,,,2,,,,,,2,,,,,,,,,,,,,1,,1,1,,1,1,2,2,2,,,,,,,,2,,2,,1,,2,,,2,,2,2,1,,,2,,,,,,,2,,,,1,4,2,1,2,,,,,,,,,,,,6,,,,,3,2,1,2,,,,,,1,,,,1,4,4,7,3,,,,,,,,,,3,,,,4,4,1,11,,,,,,
"Trans-New Guinea","Madang",,"Lower Sepik-Ramu","Lower Sepik",,,234.402411874,170,ame,5,2,3,2,3,1,1,2,3,2,,1,2,1,1,5,3,5,1,3,1,5,1,4,1,2,5,2,2,1,1,2,1,1,1,6,3,5,4,4,1,3,,3,3,1,1,6,1,2,1,2,1,1,9,2,5,1,1,2,2,2,1,4,4,2,2,2,2,2,2,1,2,2,5,4,1,2,3,3,3,1,1,4,5,2,1,,1,1,3,1,1,2,2,2,1,,1,,,,,2,2,2,2,1,2,2,1,1,2,,5,2,3,1,1,2,3,4,1,4,1,2,2,3,3,,1,4,2,1,2,2,2,2,2,2,3,1,1,,,,,,,,,1,1,1,1,,,,,2,15,,18,,1,2,4,19,,,,,,,,,,,17,,,14,4,2,3,4,,,,,,
"Sepik","Ram",,"Lower Sepik-Ramu","Lower Sepik",,,209.908420273,170,awt,,,,,,,,,,,,,,,6,8,1,1,,,,,,,2,2,2,2,3,,,,,,,2,,,1,1,2,,,,,,,3,,,,1,,,6,1,1,,1,,4,2,1,1,,,,1,,,,,,2,,,,,,,,,,,,,1,,1,1,6,1,1,2,1,2,2,1,,,,,,2,2,2,2,1,1,2,,,1,5,1,1,1,,,2,,,,,,,1,,,,1,3,2,1,2,,,,,,,,,,,,,,,,,1,1,1,1,,,,,,3,,,,2,4,4,20,,,,,,,,,,,5,,,,4,4,2,11,,,,,,
"Trans-New Guinea","Madang",,"Lower Sepik-Ramu","Lower Sepik",,,180.103648064,170,usa,1,2,2,2,1,1,1,1,3,2,,1,2,1,1,7,6,,1,1,,,,,1,1,1,2,,,1,2,1,1,1,,1,4,,2,,3,,3,,,1,6,,2,2,3,9,3,,,8,,,,,,,,,,,1,1,,,,,2,,,,2,1,2,3,1,1,1,5,3,1,,1,1,,1,1,2,2,2,,,,,,,,1,6,2,,1,,2,1,1,2,2,5,2,3,3,,2,3,4,1,4,,2,2,3,4,,6,3,2,2,2,,2,2,,,,,,,,,,,,,,2,2,1,1,,,,,,1,,,,1,4,4,7,3,,,,,,,,,,3,,,,4,4,1,11,,,,,,
"Trans-New Guinea","Madang",,"Lower Sepik-Ramu","Lower Sepik",,,103.063944828,170,kob,3,3,2,1,1,1,1,2,2,2,,1,2,1,6,8,1,5,1,1,,,,,4,4,5,2,2,,1,2,1,1,1,2,3,4,,4,1,3,,3,2,1,1,6,1,2,1,2,1,3,9,2,1,,1,,1,2,1,2,,,1,2,2,,,,,2,1,1,1,2,1,3,3,1,1,,,,1,,1,1,,1,1,2,2,2,7,5,,,,,2,2,2,2,,1,5,2,1,2,2,2,2,4,1,2,,2,3,4,8,5,1,3,1,1,7,1,1,3,2,2,2,3,4,4,4,3,1,2,,,,,5,,,,,1,1,1,1,,,,,,4,,,,4,2,4,20,,,,,,,,,,,6,,,,4,4,8,2,,,,,,
"Lower Sepik-Ramu","Lower Sepik",,,"Lower Sepik-Ramu","Lower Sepik",,,0.0,170,yim,1,1,4,1,1,1,1,2,1,2,,1,2,1,2,8,1,1,3,1,,,,,1,2,5,2,4,1,1,2,5,2,3,2,6,4,,5,5,3,,3,3,1,2,6,1,,1,3,9,4,1,,6,1,1,1,,2,1,1,6,2,2,,3,,,,,2,1,4,1,2,1,2,1,1,1,1,5,1,,,1,1,6,1,1,3,2,,,,,,,,,,,,,1,,5,1,1,6,2,5,2,4,1,,2,3,4,3,4,3,4,1,2,5,,,4,3,1,1,,4,,1,3,2,1,,,,,3,,,,,3,2,1,2,,,,,,3,,,,2,4,4,20,,,,,,,,,,,20,,,,,,,,,,,,,
"Sepik","Sepik Hill",,"Lower Sepik-Ramu","Lower Sepik",,,24.0123655952,170,ala,3,3,2,2,2,1,1,1,3,2,,1,3,1,1,6,5,,1,1,1,5,1,6,1,2,5,2,2,1,1,3,2,2,2,8,6,6,3,1,4,3,,3,2,1,5,3,1,,1,2,7,2,6,2,6,,1,,4,2,1,1,,,8,1,2,1,2,1,4,2,1,4,1,2,,,,1,1,1,5,1,1,,1,1,6,1,1,1,1,1,2,1,,,,,,2,6,2,,1,1,1,1,,2,2,5,2,2,3,,2,3,4,1,4,,4,2,3,2,,6,4,3,1,1,,4,4,,3,3,3,,,,,3,,,,,1,1,1,1,,,,,,1,,,,1,4,4,7,3,,,,,,,,,,3,,,,4,4,1,11,,,,,,
"Torricelli","Kombio-Arapesh",,"Lower Sepik-Ramu","Lower Sepik",,,140.04381885,170,arp,2,3,2,2,2,1,1,2,3,2,,1,2,1,6,8,1,,1,1,1,5,1,3,1,2,5,2,5,1,1,3,5,2,3,2,,5,2,,1,3,,3,2,1,4,2,1,,,1,1,1,9,2,1,,,,,2,1,1,,,8,,,2,4,1,4,1,1,2,4,2,,,,1,1,4,5,1,2,,1,2,,2,3,1,1,1,,,,,,,,,2,2,5,4,,3,1,1,4,2,5,2,2,,1,2,3,4,3,2,,,2,3,2,,1,,3,1,2,3,4,,,1,,,1,,,,,,,,,1,1,1,1,,,,,,15,,1,,1,1,4,19,3,,15,,,1,4,3,7,3,,,,,,,,,,,,,,
"Trans-New Guinea","Engan",,"Lower Sepik-Ramu","Lower Sepik",,,206.254509926,170,kew,3,2,3,1,1,1,1,3,3,,,1,1,2,1,7,6,5,1,1,1,1,3,4,2,2,2,2,2,,1,2,1,1,1,2,,4,,5,5,3,,3,,,1,6,1,,,2,6,2,6,,8,,1,,4,2,1,1,,,,,,2,2,1,3,2,1,1,4,2,,3,,3,2,1,5,1,1,,1,1,,1,1,1,1,2,7,3,,2,,,,,2,2,2,1,5,1,4,4,4,2,2,2,1,,1,2,3,4,1,4,,2,1,1,7,,1,,2,1,2,,,,,3,1,1,1,2,2,,,,,,,1,1,1,1,,,,,,3,,,,2,4,4,20,,,,,,,,,,,5,,,,4,4,2,11,,,,,,
"Trans-New Guinea","Madang",,"Lower Sepik-Ramu","Lower Sepik",,,231.317073533,170,tau,,,,,,,,,,,,,,,,,,,,,,,,,3,2,5,2,3,,,,,,,9,4,,,4,1,,,,2,3,1,6,,,,1,,,6,2,1,,,,1,2,1,2,,,,,2,,,,,2,1,2,,,,,,1,1,,,,1,,1,1,,1,1,2,1,2,7,2,2,,,,,,2,2,5,1,5,2,,,2,2,5,2,3,3,,2,3,4,,,,,2,1,7,,1,,,,,,,,1,,,,,,,,,,,,,1,1,1,1,,,,,,1,,,,1,4,4,7,3,,,,,,,,,,3,,,,4,4,1,11,,,,,,
"Trans-New Guinea","Eastern Highlands",,"Lower Sepik-Ramu","Lower Sepik",,,270.7455927,170,hua,,,,,,,,,,,,,,,,,,,,,,,,,3,3,3,2,3,,,,,,,,,,,,,,,,3,,,6,,,,2,7,4,1,2,,,1,,3,2,1,3,,,8,,,,,,,2,,,,,,,,,,,,,1,,1,1,,1,1,1,1,1,2,1,,,,,,,6,2,,1,1,1,,,2,2,5,2,3,,,2,,,,,,,1,,,,2,,,,,,,,,,,,,,,,,,,,,1,1,1,1,,,,,,3,,,,2,4,4,20,,,,,,,,,,,5,,,,4,4,2,11,,,,,,
"Trans-New Guinea","Eastern Highlands",,"Lower Sepik-Ramu","Lower Sepik",,,277.541282082,170,ygr,1,2,3,2,2,1,3,3,,,,1,3,2,,,,,1,1,,,,,,,,,4,,,,,,,8,,,,4,2,,,,3,2,,,,,,,,,6,,,,,,3,,,,,,,,,1,4,1,3,4,,,,,,,,,,,,,1,,1,1,3,1,1,1,,2,2,1,,,,,4,,2,2,5,1,1,1,,,,2,,,,,,,,,,,,,1,,,,1,,2,2,2,,4,,,,,,,1,1,3,,,,,,,,,,,,,,,3,,,,2,4,4,20,,,,,,,,,,,5,,,,4,4,2,11,,,,,,
"Skou","Western Skou",,"Lower Sepik-Ramu","Lower Sepik",,,333.117432678,170,dum,1,3,1,2,1,1,1,2,,,,1,,3,,,,,1,1,,,,,4,1,5,2,,,,,,,,,,,,,,,,,,,,1,,,,2,,,9,,,,1,,,2,1,2,,,,,,,,,,,,,,,,,,,,,,,1,,1,1,5,,1,2,2,2,,,,,,,,,2,2,,,,2,,,2,1,2,2,1,,,2,,,,,,,2,1,7,,1,,,,,,,,,,,,,,,,,,,,,1,1,2,2,,,,,,2,,,,4,1,4,8,4,,,,,,,,,,4,,,,4,4,8,1,,,,,,
"Sentani","Sentani",,"Lower Sepik-Ramu","Lower Sepik",,,402.538241932,170,snt,1,3,1,2,1,1,1,1,3,,,1,,,1,3,3,1,1,1,,,,,,,,,2,,1,2,1,1,1,9,,4,,,,3,,3,,,2,6,1,,,2,1,1,9,,,,1,,4,2,1,3,,,,,2,,,,,2,1,2,1,2,,3,,1,1,4,5,1,1,,1,1,,1,1,2,1,2,,,,,,,,2,,2,,1,,2,,,2,,5,2,2,,,2,,,,,,,1,2,1,,,,2,1,2,,,,,,,,,,,,,,,,,1,1,1,1,,,,,,3,,,,2,4,4,20,,,,,,,,,,,5,,,,4,4,2,11,,,,,,
"Trans-New Guinea","Mek",,"Trans-New Guinea","Engan",,,470.646616278,174,una,3,3,2,2,5,1,1,2,2,,,1,2,2,,,,,1,1,,,,,,,,,2,,4,3,1,1,1,,,4,,,,3,,3,,,,6,,,,2,1,3,9,2,4,,,,1,,,,,,,,,,,,,2,1,4,,2,1,2,3,1,1,,,,1,,1,1,,1,1,2,1,2,2,1,,,,,,1,6,2,,1,1,2,4,4,2,2,5,2,3,,,2,3,4,2,4,,2,2,1,7,,2,,,,,,,,,,,,,,,,5,,,,,,,,,,,,,,1,,,,1,4,4,7,3,,,,,,,,,,3,,,,4,4,1,11,,,,,,
"Trans-New Guinea","Binanderean",,"Trans-New Guinea","Engan",,,432.989057711,174,sue,5,2,2,2,2,1,1,1,3,2,,1,1,2,,,,,1,1,,,,,4,2,5,2,2,,2,2,1,1,1,,2,7,,,,5,,5,,,,6,2,,1,2,4,3,1,,,,1,,4,2,1,1,,,,,1,2,2,1,4,2,1,,4,2,2,,,2,4,1,5,1,1,,1,1,,1,1,2,2,2,,,,,,,,,6,2,1,1,,2,4,1,2,5,2,2,1,1,,2,3,4,8,5,,,,3,1,,2,,,,,,,,1,,,,,,,,,,,,,,,,,,,,,,1,,,,1,4,4,21,,,,,,,,,,,14,,,,,,,11,,,,,,
"Sepik","Ram",,"Trans-New Guinea","Engan",,,382.635923114,174,awt,,,,,,,,,,,,,,,6,8,1,1,,,,,,,2,2,2,2,3,,,,,,,2,,,1,1,2,,,,,,,3,,,,1,,,6,1,1,,1,,4,2,1,1,,,,1,,,,,,2,,,,,,,,,,,,,1,,1,1,6,1,1,2,1,2,2,1,,,,,,2,2,2,2,1,1,2,,,1,5,1,1,1,,,2,,,,,,,1,,,,1,3,2,1,2,,,,,,,,,,,,,,,,,1,1,1,1,,,,,,3,,,,2,4,4,20,,,,,,,,,,,5,,,,4,4,2,11,,,,,,
"Trans-New Guinea","Madang",,"Trans-New Guinea","Engan",,,327.04975781,174,wsk,,,,,,,,,,,,,,,,,,,,,,,,,3,1,5,2,2,1,,,,,,,,,,1,1,,,,,,,6,,,,4,,,9,2,,,,,1,2,1,2,,,,2,,,,,,2,,,,,,,,,,,,,1,,1,1,,1,1,2,2,2,,,,,,,,2,,2,,1,,2,,,2,,2,2,1,,,2,,,,,,,2,,,,1,4,2,1,2,,,,,,,,,,,,6,,,,,3,2,1,2,,,,,,1,,,,1,4,4,7,3,,,,,,,,,,3,,,,4,4,1,11,,,,,,
"Trans-New Guinea","Madang",,"Trans-New Guinea","Engan",,,238.299493839,174,ame,5,2,3,2,3,1,1,2,3,2,,1,2,1,1,5,3,5,1,3,1,5,1,4,1,2,5,2,2,1,1,2,1,1,1,6,3,5,4,4,1,3,,3,3,1,1,6,1,2,1,2,1,1,9,2,5,1,1,2,2,2,1,4,4,2,2,2,2,2,2,1,2,2,5,4,1,2,3,3,3,1,1,4,5,2,1,,1,1,3,1,1,2,2,2,1,,1,,,,,2,2,2,2,1,2,2,1,1,2,,5,2,3,1,1,2,3,4,1,4,1,2,2,3,3,,1,4,2,1,2,2,2,2,2,2,3,1,1,,,,,,,,,1,1,1,1,,,,,2,15,,18,,1,2,4,19,,,,,,,,,,,17,,,14,4,2,3,4,,,,,,
"Sepik","Sepik Hill",,"Trans-New Guinea","Engan",,,211.232985885,174,ala,3,3,2,2,2,1,1,1,3,2,,1,3,1,1,6,5,,1,1,1,5,1,6,1,2,5,2,2,1,1,3,2,2,2,8,6,6,3,1,4,3,,3,2,1,5,3,1,,1,2,7,2,6,2,6,,1,,4,2,1,1,,,8,1,2,1,2,1,4,2,1,4,1,2,,,,1,1,1,5,1,1,,1,1,6,1,1,1,1,1,2,1,,,,,,2,6,2,,1,1,1,1,,2,2,5,2,2,3,,2,3,4,1,4,,4,2,3,2,,6,4,3,1,1,,4,4,,3,3,3,,,,,3,,,,,1,1,1,1,,,,,,1,,,,1,4,4,7,3,,,,,,,,,,3,,,,4,4,1,11,,,,,,
"Trans-New Guinea","Madang",,"Trans-New Guinea","Engan",,,185.627289503,174,tau,,,,,,,,,,,,,,,,,,,,,,,,,3,2,5,2,3,,,,,,,9,4,,,4,1,,,,2,3,1,6,,,,1,,,6,2,1,,,,1,2,1,2,,,,,2,,,,,2,1,2,,,,,,1,1,,,,1,,1,1,,1,1,2,1,2,7,2,2,,,,,,2,2,5,1,5,2,,,2,2,5,2,3,3,,2,3,4,,,,,2,1,7,,1,,,,,,,,1,,,,,,,,,,,,,1,1,1,1,,,,,,1,,,,1,4,4,7,3,,,,,,,,,,3,,,,4,4,1,11,,,,,,
"Trans-New Guinea","Eastern Highlands",,"Trans-New Guinea","Engan",,,166.780247085,174,hua,,,,,,,,,,,,,,,,,,,,,,,,,3,3,3,2,3,,,,,,,,,,,,,,,,3,,,6,,,,2,7,4,1,2,,,1,,3,2,1,3,,,8,,,,,,,2,,,,,,,,,,,,,1,,1,1,,1,1,1,1,1,2,1,,,,,,,6,2,,1,1,1,,,2,2,5,2,3,,,2,,,,,,,1,,,,2,,,,,,,,,,,,,,,,,,,,,1,1,1,1,,,,,,3,,,,2,4,4,20,,,,,,,,,,,5,,,,4,4,2,11,,,,,,
"Trans-New Guinea","Engan",,,"Trans-New Guinea","Engan",,,0.0,174,kew,3,2,3,1,1,1,1,3,3,,,1,1,2,1,7,6,5,1,1,1,1,3,4,2,2,2,2,2,,1,2,1,1,1,2,,4,,5,5,3,,3,,,1,6,1,,,2,6,2,6,,8,,1,,4,2,1,1,,,,,,2,2,1,3,2,1,1,4,2,,3,,3,2,1,5,1,1,,1,1,,1,1,1,1,2,7,3,,2,,,,,2,2,2,1,5,1,4,4,4,2,2,2,1,,1,2,3,4,1,4,,2,1,1,7,,1,,2,1,2,,,,,3,1,1,1,2,2,,,,,,,1,1,1,1,,,,,,3,,,,2,4,4,20,,,,,,,,,,,5,,,,4,4,2,11,,,,,,
"Trans-New Guinea","Madang",,"Trans-New Guinea","Engan",,,158.240336423,174,kob,3,3,2,1,1,1,1,2,2,2,,1,2,1,6,8,1,5,1,1,,,,,4,4,5,2,2,,1,2,1,1,1,2,3,4,,4,1,3,,3,2,1,1,6,1,2,1,2,1,3,9,2,1,,1,,1,2,1,2,,,1,2,2,,,,,2,1,1,1,2,1,3,3,1,1,,,,1,,1,1,,1,1,2,2,2,7,5,,,,,2,2,2,2,,1,5,2,1,2,2,2,2,4,1,2,,2,3,4,8,5,1,3,1,1,7,1,1,3,2,2,2,3,4,4,4,3,1,2,,,,,5,,,,,1,1,1,1,,,,,,4,,,,4,2,4,20,,,,,,,,,,,6,,,,4,4,8,2,,,,,,
"Trans-New Guinea","Eastern Highlands",,"Trans-New Guinea","Engan",,,175.93437838,174,ygr,1,2,3,2,2,1,3,3,,,,1,3,2,,,,,1,1,,,,,,,,,4,,,,,,,8,,,,4,2,,,,3,2,,,,,,,,,6,,,,,,3,,,,,,,,,1,4,1,3,4,,,,,,,,,,,,,1,,1,1,3,1,1,1,,2,2,1,,,,,4,,2,2,5,1,1,1,,,,2,,,,,,,,,,,,,1,,,,1,,2,2,2,,4,,,,,,,1,1,3,,,,,,,,,,,,,,,3,,,,2,4,4,20,,,,,,,,,,,5,,,,4,4,2,11,,,,,,
"Lower Sepik-Ramu","Lower Sepik",,"Trans-New Guinea","Engan",,,206.254509926,174,yim,1,1,4,1,1,1,1,2,1,2,,1,2,1,2,8,1,1,3,1,,,,,1,2,5,2,4,1,1,2,5,2,3,2,6,4,,5,5,3,,3,3,1,2,6,1,,1,3,9,4,1,,6,1,1,1,,2,1,1,6,2,2,,3,,,,,2,1,4,1,2,1,2,1,1,1,1,5,1,,,1,1,6,1,1,3,2,,,,,,,,,,,,,1,,5,1,1,6,2,5,2,4,1,,2,3,4,3,4,3,4,1,2,5,,,4,3,1,1,,4,,1,3,2,1,,,,,3,,,,,3,2,1,2,,,,,,3,,,,2,4,4,20,,,,,,,,,,,20,,,,,,,,,,,,,
"Trans-New Guinea","Madang",,"Trans-New Guinea","Engan",,,236.876359838,174,usa,1,2,2,2,1,1,1,1,3,2,,1,2,1,1,7,6,,1,1,,,,,1,1,1,2,,,1,2,1,1,1,,1,4,,2,,3,,3,,,1,6,,2,2,3,9,3,,,8,,,,,,,,,,,1,1,,,,,2,,,,2,1,2,3,1,1,1,5,3,1,,1,1,,1,1,2,2,2,,,,,,,,1,6,2,,1,,2,1,1,2,2,5,2,3,3,,2,3,4,1,4,,2,2,3,4,,6,3,2,2,2,,2,2,,,,,,,,,,,,,,2,2,1,1,,,,,,1,,,,1,4,4,7,3,,,,,,,,,,3,,,,4,4,1,11,,,,,,
"Trans-New Guinea","Angan",,"Trans-New Guinea","Engan",,,288.965040327,174,ham,1,3,1,1,1,2,2,1,1,,,1,3,2,,,,,1,1,,,,,,,,,4,1,1,2,,,,,,4,,,,3,,3,,,,2,,,,1,8,6,,,,,,,1,,,,,,,,2,,,,,4,1,1,1,2,1,2,3,2,4,,,,1,,1,1,,1,,2,2,2,,,,,,,,1,2,2,,1,,2,1,1,2,2,5,2,2,,,2,,,,,,,1,2,1,,1,,,,,,,,,3,3,3,,,,,,,,,,,,,,,,,,,3,,,,2,4,4,20,,,,,,,,,,,5,,,,4,4,2,11,,,,,,
"Torricelli","Kombio-Arapesh",,"Trans-New Guinea","Engan",,,345.27943265,174,arp,2,3,2,2,2,1,1,2,3,2,,1,2,1,6,8,1,,1,1,1,5,1,3,1,2,5,2,5,1,1,3,5,2,3,2,,5,2,,1,3,,3,2,1,4,2,1,,,1,1,1,9,2,1,,,,,2,1,1,,,8,,,2,4,1,4,1,1,2,4,2,,,,1,1,4,5,1,2,,1,2,,2,3,1,1,1,,,,,,,,,2,2,5,4,,3,1,1,4,2,5,2,2,,1,2,3,4,3,2,,,2,3,2,,1,,3,1,2,3,4,,,1,,,1,,,,,,,,,1,1,1,1,,,,,,15,,1,,1,1,4,19,3,,15,,,1,4,3,7,3,,,,,,,,,,,,,,
"Marind","Marind Proper",,"Trans-New Guinea","Engan",,,430.832287618,174,mrd,2,2,3,4,2,1,1,3,,,,1,2,1,7,8,1,2,1,1,,,,,,,,,,,1,2,4,2,2,,,8,3,,,2,,3,,,,3,,,,2,1,1,,2,1,,,,1,,,,,,,1,,,,,,1,1,2,4,1,1,3,3,2,4,,,,1,,1,1,,1,1,,,3,,,,,,,,,2,,,1,,,1,1,2,,5,2,2,,,2,,,,,,,2,,,,3,,2,2,1,,,,,,,,,,,,,,,,,,,,,,,,,,1,,,,1,4,4,21,,,,,,,,,,,14,,,,,,,11,,,,,,
"Border","Border",,"Trans-New Guinea","Engan",,,459.610572152,174,imo,1,3,1,1,1,1,1,2,3,2,,1,3,1,,,,,1,1,1,1,1,6,3,3,3,2,,,4,1,1,1,1,9,1,2,,5,5,4,,1,2,1,1,6,1,,1,2,5,2,6,2,1,1,1,2,4,2,1,2,6,4,8,,2,1,1,1,3,2,4,4,4,2,1,2,3,1,1,4,5,2,,,1,1,,1,1,2,6,2,7,3,,2,,,,3,,,,1,5,2,6,6,1,5,1,1,1,1,4,2,3,4,3,4,,,2,3,4,,1,,2,1,2,,4,4,1,,1,1,,,,,6,,,,,1,1,1,1,,,,,,1,,,,1,4,4,21,,,,,,,,,,,18,,,,,,,,,,,,,
"Trans-New Guinea","Dani",,"Sepik","Sepik Hill",,,500.208298232,171,dni,1,3,1,1,1,1,1,2,2,,,1,2,1,7,8,1,1,1,1,1,5,1,4,1,3,5,2,2,,1,2,1,1,1,,,5,1,5,5,3,,3,,,3,6,1,,,3,6,2,1,2,,,,,1,1,1,2,,,,,,1,2,1,4,2,1,4,1,2,1,2,2,2,4,4,5,1,1,,1,1,,1,1,,2,,1,,1,,,,,,6,,5,1,2,,4,4,2,2,5,2,3,,1,2,3,4,3,2,,,2,3,1,,2,,,,,,4,,,3,3,2,,,,,,,,,,1,1,1,1,,,,,,2,,,,4,1,4,8,4,,,,,,,,,,4,,,,4,4,8,1,,,,,,
"Trans-New Guinea","Angan",,"Sepik","Sepik Hill",,,450.818167345,171,ham,1,3,1,1,1,2,2,1,1,,,1,3,2,,,,,1,1,,,,,,,,,4,1,1,2,,,,,,4,,,,3,,3,,,,2,,,,1,8,6,,,,,,,1,,,,,,,,2,,,,,4,1,1,1,2,1,2,3,2,4,,,,1,,1,1,,1,,2,2,2,,,,,,,,1,2,2,,1,,2,1,1,2,2,5,2,2,,,2,,,,,,,1,2,1,,1,,,,,,,,,3,3,3,,,,,,,,,,,,,,,,,,,3,,,,2,4,4,20,,,,,,,,,,,5,,,,4,4,2,11,,,,,,
"Trans-New Guinea","Mek",,"Sepik","Sepik Hill",,,369.420665043,171,una,3,3,2,2,5,1,1,2,2,,,1,2,2,,,,,1,1,,,,,,,,,2,,4,3,1,1,1,,,4,,,,3,,3,,,,6,,,,2,1,3,9,2,4,,,,1,,,,,,,,,,,,,2,1,4,,2,1,2,3,1,1,,,,1,,1,1,,1,1,2,1,2,2,1,,,,,,1,6,2,,1,1,2,4,4,2,2,5,2,3,,,2,3,4,2,4,,2,2,1,7,,2,,,,,,,,,,,,,,,,5,,,,,,,,,,,,,,1,,,,1,4,4,7,3,,,,,,,,,,3,,,,4,4,1,11,,,,,,
"Trans-New Guinea","Madang",,"Sepik","Sepik Hill",,,296.151735283,171,wsk,,,,,,,,,,,,,,,,,,,,,,,,,3,1,5,2,2,1,,,,,,,,,,1,1,,,,,,,6,,,,4,,,9,2,,,,,1,2,1,2,,,,2,,,,,,2,,,,,,,,,,,,,1,,1,1,,1,1,2,2,2,,,,,,,,2,,2,,1,,2,,,2,,2,2,1,,,2,,,,,,,2,,,,1,4,2,1,2,,,,,,,,,,,,6,,,,,3,2,1,2,,,,,,1,,,,1,4,4,7,3,,,,,,,,,,3,,,,4,4,1,11,,,,,,
"Trans-New Guinea","Eastern Highlands",,"Sepik","Sepik Hill",,,288.694692329,171,hua,,,,,,,,,,,,,,,,,,,,,,,,,3,3,3,2,3,,,,,,,,,,,,,,,,3,,,6,,,,2,7,4,1,2,,,1,,3,2,1,3,,,8,,,,,,,2,,,,,,,,,,,,,1,,1,1,,1,1,1,1,1,2,1,,,,,,,6,2,,1,1,1,,,2,2,5,2,3,,,2,,,,,,,1,,,,2,,,,,,,,,,,,,,,,,,,,,1,1,1,1,,,,,,3,,,,2,4,4,20,,,,,,,,,,,5,,,,4,4,2,11,,,,,,
"Trans-New Guinea","Madang",,"Sepik","Sepik Hill",,,257.55274745,171,ame,5,2,3,2,3,1,1,2,3,2,,1,2,1,1,5,3,5,1,3,1,5,1,4,1,2,5,2,2,1,1,2,1,1,1,6,3,5,4,4,1,3,,3,3,1,1,6,1,2,1,2,1,1,9,2,5,1,1,2,2,2,1,4,4,2,2,2,2,2,2,1,2,2,5,4,1,2,3,3,3,1,1,4,5,2,1,,1,1,3,1,1,2,2,2,1,,1,,,,,2,2,2,2,1,2,2,1,1,2,,5,2,3,1,1,2,3,4,1,4,1,2,2,3,3,,1,4,2,1,2,2,2,2,2,2,3,1,1,,,,,,,,,1,1,1,1,,,,,2,15,,18,,1,2,4,19,,,,,,,,,,,17,,,14,4,2,3,4,,,,,,
"Trans-New Guinea","Engan",,"Sepik","Sepik Hill",,,211.232985885,171,kew,3,2,3,1,1,1,1,3,3,,,1,1,2,1,7,6,5,1,1,1,1,3,4,2,2,2,2,2,,1,2,1,1,1,2,,4,,5,5,3,,3,,,1,6,1,,,2,6,2,6,,8,,1,,4,2,1,1,,,,,,2,2,1,3,2,1,1,4,2,,3,,3,2,1,5,1,1,,1,1,,1,1,1,1,2,7,3,,2,,,,,2,2,2,1,5,1,4,4,4,2,2,2,1,,1,2,3,4,1,4,,2,1,1,7,,1,,2,1,2,,,,,3,1,1,1,2,2,,,,,,,1,1,1,1,,,,,,3,,,,2,4,4,20,,,,,,,,,,,5,,,,4,4,2,11,,,,,,
"Sepik","Ram",,"Sepik","Sepik Hill",,,190.728836363,171,awt,,,,,,,,,,,,,,,6,8,1,1,,,,,,,2,2,2,2,3,,,,,,,2,,,1,1,2,,,,,,,3,,,,1,,,6,1,1,,1,,4,2,1,1,,,,1,,,,,,2,,,,,,,,,,,,,1,,1,1,6,1,1,2,1,2,2,1,,,,,,2,2,2,2,1,1,2,,,1,5,1,1,1,,,2,,,,,,,1,,,,1,3,2,1,2,,,,,,,,,,,,,,,,,1,1,1,1,,,,,,3,,,,2,4,4,20,,,,,,,,,,,5,,,,4,4,2,11,,,,,,
"Trans-New Guinea","Madang",,"Sepik","Sepik Hill",,,123.953555307,171,kob,3,3,2,1,1,1,1,2,2,2,,1,2,1,6,8,1,5,1,1,,,,,4,4,5,2,2,,1,2,1,1,1,2,3,4,,4,1,3,,3,2,1,1,6,1,2,1,2,1,3,9,2,1,,1,,1,2,1,2,,,1,2,2,,,,,2,1,1,1,2,1,3,3,1,1,,,,1,,1,1,,1,1,2,2,2,7,5,,,,,2,2,2,2,,1,5,2,1,2,2,2,2,4,1,2,,2,3,4,8,5,1,3,1,1,7,1,1,3,2,2,2,3,4,4,4,3,1,2,,,,,5,,,,,1,1,1,1,,,,,,4,,,,4,2,4,20,,,,,,,,,,,6,,,,4,4,8,2,,,,,,
"Sepik","Sepik Hill",,,"Sepik","Sepik Hill",,,0.0,171,ala,3,3,2,2,2,1,1,1,3,2,,1,3,1,1,6,5,,1,1,1,5,1,6,1,2,5,2,2,1,1,3,2,2,2,8,6,6,3,1,4,3,,3,2,1,5,3,1,,1,2,7,2,6,2,6,,1,,4,2,1,1,,,8,1,2,1,2,1,4,2,1,4,1,2,,,,1,1,1,5,1,1,,1,1,6,1,1,1,1,1,2,1,,,,,,2,6,2,,1,1,1,1,,2,2,5,2,2,3,,2,3,4,1,4,,4,2,3,2,,6,4,3,1,1,,4,4,,3,3,3,,,,,3,,,,,1,1,1,1,,,,,,1,,,,1,4,4,7,3,,,,,,,,,,3,,,,4,4,1,11,,,,,,
"Lower Sepik-Ramu","Lower Sepik",,"Sepik","Sepik Hill",,,24.0123655952,171,yim,1,1,4,1,1,1,1,2,1,2,,1,2,1,2,8,1,1,3,1,,,,,1,2,5,2,4,1,1,2,5,2,3,2,6,4,,5,5,3,,3,3,1,2,6,1,,1,3,9,4,1,,6,1,1,1,,2,1,1,6,2,2,,3,,,,,2,1,4,1,2,1,2,1,1,1,1,5,1,,,1,1,6,1,1,3,2,,,,,,,,,,,,,1,,5,1,1,6,2,5,2,4,1,,2,3,4,3,4,3,4,1,2,5,,,4,3,1,1,,4,,1,3,2,1,,,,,3,,,,,3,2,1,2,,,,,,3,,,,2,4,4,20,,,,,,,,,,,20,,,,,,,,,,,,,
"Torricelli","Kombio-Arapesh",,"Sepik","Sepik Hill",,,134.708284727,171,arp,2,3,2,2,2,1,1,2,3,2,,1,2,1,6,8,1,,1,1,1,5,1,3,1,2,5,2,5,1,1,3,5,2,3,2,,5,2,,1,3,,3,2,1,4,2,1,,,1,1,1,9,2,1,,,,,2,1,1,,,8,,,2,4,1,4,1,1,2,4,2,,,,1,1,4,5,1,2,,1,2,,2,3,1,1,1,,,,,,,,,2,2,5,4,,3,1,1,4,2,5,2,2,,1,2,3,4,3,2,,,2,3,2,,1,,3,1,2,3,4,,,1,,,1,,,,,,,,,1,1,1,1,,,,,,15,,1,,1,1,4,19,3,,15,,,1,4,3,7,3,,,,,,,,,,,,,,
"Trans-New Guinea","Madang",,"Sepik","Sepik Hill",,,204.000623682,171,usa,1,2,2,2,1,1,1,1,3,2,,1,2,1,1,7,6,,1,1,,,,,1,1,1,2,,,1,2,1,1,1,,1,4,,2,,3,,3,,,1,6,,2,2,3,9,3,,,8,,,,,,,,,,,1,1,,,,,2,,,,2,1,2,3,1,1,1,5,3,1,,1,1,,1,1,2,2,2,,,,,,,,1,6,2,,1,,2,1,1,2,2,5,2,3,3,,2,3,4,1,4,,2,2,3,4,,6,3,2,2,2,,2,2,,,,,,,,,,,,,,2,2,1,1,,,,,,1,,,,1,4,4,7,3,,,,,,,,,,3,,,,4,4,1,11,,,,,,
"Trans-New Guinea","Madang",,"Sepik","Sepik Hill",,,252.109196962,171,tau,,,,,,,,,,,,,,,,,,,,,,,,,3,2,5,2,3,,,,,,,9,4,,,4,1,,,,2,3,1,6,,,,1,,,6,2,1,,,,1,2,1,2,,,,,2,,,,,2,1,2,,,,,,1,1,,,,1,,1,1,,1,1,2,1,2,7,2,2,,,,,,2,2,5,1,5,2,,,2,2,5,2,3,3,,2,3,4,,,,,2,1,7,,1,,,,,,,,1,,,,,,,,,,,,,1,1,1,1,,,,,,1,,,,1,4,4,7,3,,,,,,,,,,3,,,,4,4,1,11,,,,,,
"Border","Border",,"Sepik","Sepik Hill",,,282.381756581,171,imo,1,3,1,1,1,1,1,2,3,2,,1,3,1,,,,,1,1,1,1,1,6,3,3,3,2,,,4,1,1,1,1,9,1,2,,5,5,4,,1,2,1,1,6,1,,1,2,5,2,6,2,1,1,1,2,4,2,1,2,6,4,8,,2,1,1,1,3,2,4,4,4,2,1,2,3,1,1,4,5,2,,,1,1,,1,1,2,6,2,7,3,,2,,,,3,,,,1,5,2,6,6,1,5,1,1,1,1,4,2,3,4,3,4,,,2,3,4,,1,,2,1,2,,4,4,1,,1,1,,,,,6,,,,,1,1,1,1,,,,,,1,,,,1,4,4,21,,,,,,,,,,,18,,,,,,,,,,,,,
"Trans-New Guinea","Eastern Highlands",,"Sepik","Sepik Hill",,,295.825904371,171,ygr,1,2,3,2,2,1,3,3,,,,1,3,2,,,,,1,1,,,,,,,,,4,,,,,,,8,,,,4,2,,,,3,2,,,,,,,,,6,,,,,,3,,,,,,,,,1,4,1,3,4,,,,,,,,,,,,,1,,1,1,3,1,1,1,,2,2,1,,,,,4,,2,2,5,1,1,1,,,,2,,,,,,,,,,,,,1,,,,1,,2,2,2,,4,,,,,,,1,1,3,,,,,,,,,,,,,,,3,,,,2,4,4,20,,,,,,,,,,,5,,,,4,4,2,11,,,,,,
"Skou","Western Skou",,"Sepik","Sepik Hill",,,315.500816278,171,dum,1,3,1,2,1,1,1,2,,,,1,,3,,,,,1,1,,,,,4,1,5,2,,,,,,,,,,,,,,,,,,,,1,,,,2,,,9,,,,1,,,2,1,2,,,,,,,,,,,,,,,,,,,,,,,1,,1,1,5,,1,2,2,2,,,,,,,,,2,2,,,,2,,,2,1,2,2,1,,,2,,,,,,,2,1,7,,1,,,,,,,,,,,,,,,,,,,,,1,1,2,2,,,,,,2,,,,4,1,4,8,4,,,,,,,,,,4,,,,4,4,8,1,,,,,,
"Sentani","Sentani",,"Sepik","Sepik Hill",,,383.125839702,171,snt,1,3,1,2,1,1,1,1,3,,,1,,,1,3,3,1,1,1,,,,,,,,,2,,1,2,1,1,1,9,,4,,,,3,,3,,,2,6,1,,,2,1,1,9,,,,1,,4,2,1,3,,,,,2,,,,,2,1,2,1,2,,3,,1,1,4,5,1,1,,1,1,,1,1,2,1,2,,,,,,,,2,,2,,1,,2,,,2,,5,2,2,,,2,,,,,,,1,2,1,,,,2,1,2,,,,,,,,,,,,,,,,,1,1,1,1,,,,,,3,,,,2,4,4,20,,,,,,,,,,,5,,,,4,4,2,11,,,,,,
"Marind","Marind Proper",,"Sepik","Sepik Hill",,,496.458426604,171,mrd,2,2,3,4,2,1,1,3,,,,1,2,1,7,8,1,2,1,1,,,,,,,,,,,1,2,4,2,2,,,8,3,,,2,,3,,,,3,,,,2,1,1,,2,1,,,,1,,,,,,,1,,,,,,1,1,2,4,1,1,3,3,2,4,,,,1,,1,1,,1,1,,,3,,,,,,,,,2,,,1,,,1,1,2,,5,2,2,,,2,,,,,,,2,,,,3,,2,2,1,,,,,,,,,,,,,,,,,,,,,,,,,,1,,,,1,4,4,21,,,,,,,,,,,14,,,,,,,11,,,,,,
"Trans-New Guinea","Mek",,"Trans-New Guinea","Madang",,,483.27797665,173,una,3,3,2,2,5,1,1,2,2,,,1,2,2,,,,,1,1,,,,,,,,,2,,4,3,1,1,1,,,4,,,,3,,3,,,,6,,,,2,1,3,9,2,4,,,,1,,,,,,,,,,,,,2,1,4,,2,1,2,3,1,1,,,,1,,1,1,,1,1,2,1,2,2,1,,,,,,1,6,2,,1,1,2,4,4,2,2,5,2,3,,,2,3,4,2,4,,2,2,1,7,,2,,,,,,,,,,,,,,,,5,,,,,,,,,,,,,,1,,,,1,4,4,7,3,,,,,,,,,,3,,,,4,4,1,11,,,,,,
"Skou","Western Skou",,"Trans-New Guinea","Madang",,,435.274948997,173,dum,1,3,1,2,1,1,1,2,,,,1,,3,,,,,1,1,,,,,4,1,5,2,,,,,,,,,,,,,,,,,,,,1,,,,2,,,9,,,,1,,,2,1,2,,,,,,,,,,,,,,,,,,,,,,,1,,1,1,5,,1,2,2,2,,,,,,,,,2,2,,,,2,,,2,1,2,2,1,,,2,,,,,,,2,1,7,,1,,,,,,,,,,,,,,,,,,,,,1,1,2,2,,,,,,2,,,,4,1,4,8,4,,,,,,,,,,4,,,,4,4,8,1,,,,,,
"Trans-New Guinea","Angan",,"Trans-New Guinea","Madang",,,334.931738637,173,ham,1,3,1,1,1,2,2,1,1,,,1,3,2,,,,,1,1,,,,,,,,,4,1,1,2,,,,,,4,,,,3,,3,,,,2,,,,1,8,6,,,,,,,1,,,,,,,,2,,,,,4,1,1,1,2,1,2,3,2,4,,,,1,,1,1,,1,,2,2,2,,,,,,,,1,2,2,,1,,2,1,1,2,2,5,2,2,,,2,,,,,,,1,2,1,,1,,,,,,,,,3,3,3,,,,,,,,,,,,,,,,,,,3,,,,2,4,4,20,,,,,,,,,,,5,,,,4,4,2,11,,,,,,
"Torricelli","Kombio-Arapesh",,"Trans-New Guinea","Madang",,,229.053415053,173,arp,2,3,2,2,2,1,1,2,3,2,,1,2,1,6,8,1,,1,1,1,5,1,3,1,2,5,2,5,1,1,3,5,2,3,2,,5,2,,1,3,,3,2,1,4,2,1,,,1,1,1,9,2,1,,,,,2,1,1,,,8,,,2,4,1,4,1,1,2,4,2,,,,1,1,4,5,1,2,,1,2,,2,3,1,1,1,,,,,,,,,2,2,5,4,,3,1,1,4,2,5,2,2,,1,2,3,4,3,2,,,2,3,2,,1,,3,1,2,3,4,,,1,,,1,,,,,,,,,1,1,1,1,,,,,,15,,1,,1,1,4,19,3,,15,,,1,4,3,7,3,,,,,,,,,,,,,,
"Trans-New Guinea","Eastern Highlands",,"Trans-New Guinea","Madang",,,176.618019166,173,ygr,1,2,3,2,2,1,3,3,,,,1,3,2,,,,,1,1,,,,,,,,,4,,,,,,,8,,,,4,2,,,,3,2,,,,,,,,,6,,,,,,3,,,,,,,,,1,4,1,3,4,,,,,,,,,,,,,1,,1,1,3,1,1,1,,2,2,1,,,,,4,,2,2,5,1,1,1,,,,2,,,,,,,,,,,,,1,,,,1,,2,2,2,,4,,,,,,,1,1,3,,,,,,,,,,,,,,,3,,,,2,4,4,20,,,,,,,,,,,5,,,,4,4,2,11,,,,,,
"Trans-New Guinea","Engan",,"Trans-New Guinea","Madang",,,158.240336423,173,kew,3,2,3,1,1,1,1,3,3,,,1,1,2,1,7,6,5,1,1,1,1,3,4,2,2,2,2,2,,1,2,1,1,1,2,,4,,5,5,3,,3,,,1,6,1,,,2,6,2,6,,8,,1,,4,2,1,1,,,,,,2,2,1,3,2,1,1,4,2,,3,,3,2,1,5,1,1,,1,1,,1,1,1,1,2,7,3,,2,,,,,2,2,2,1,5,1,4,4,4,2,2,2,1,,1,2,3,4,1,4,,2,1,1,7,,1,,2,1,2,,,,,3,1,1,1,2,2,,,,,,,1,1,1,1,,,,,,3,,,,2,4,4,20,,,,,,,,,,,5,,,,4,4,2,11,,,,,,
"Trans-New Guinea","Madang",,"Trans-New Guinea","Madang",,,128.295075176,173,tau,,,,,,,,,,,,,,,,,,,,,,,,,3,2,5,2,3,,,,,,,9,4,,,4,1,,,,2,3,1,6,,,,1,,,6,2,1,,,,1,2,1,2,,,,,2,,,,,2,1,2,,,,,,1,1,,,,1,,1,1,,1,1,2,1,2,7,2,2,,,,,,2,2,5,1,5,2,,,2,2,5,2,3,3,,2,3,4,,,,,2,1,7,,1,,,,,,,,1,,,,,,,,,,,,,1,1,1,1,,,,,,1,,,,1,4,4,7,3,,,,,,,,,,3,,,,4,4,1,11,,,,,,
"Lower Sepik-Ramu","Lower Sepik",,"Trans-New Guinea","Madang",,,103.063944828,173,yim,1,1,4,1,1,1,1,2,1,2,,1,2,1,2,8,1,1,3,1,,,,,1,2,5,2,4,1,1,2,5,2,3,2,6,4,,5,5,3,,3,3,1,2,6,1,,1,3,9,4,1,,6,1,1,1,,2,1,1,6,2,2,,3,,,,,2,1,4,1,2,1,2,1,1,1,1,5,1,,,1,1,6,1,1,3,2,,,,,,,,,,,,,1,,5,1,1,6,2,5,2,4,1,,2,3,4,3,4,3,4,1,2,5,,,4,3,1,1,,4,,1,3,2,1,,,,,3,,,,,3,2,1,2,,,,,,3,,,,2,4,4,20,,,,,,,,,,,20,,,,,,,,,,,,,
"Trans-New Guinea","Madang",,,"Trans-New Guinea","Madang",,,0.0,173,kob,3,3,2,1,1,1,1,2,2,2,,1,2,1,6,8,1,5,1,1,,,,,4,4,5,2,2,,1,2,1,1,1,2,3,4,,4,1,3,,3,2,1,1,6,1,2,1,2,1,3,9,2,1,,1,,1,2,1,2,,,1,2,2,,,,,2,1,1,1,2,1,3,3,1,1,,,,1,,1,1,,1,1,2,2,2,7,5,,,,,2,2,2,2,,1,5,2,1,2,2,2,2,4,1,2,,2,3,4,8,5,1,3,1,1,7,1,1,3,2,2,2,3,4,4,4,3,1,2,,,,,5,,,,,1,1,1,1,,,,,,4,,,,4,2,4,20,,,,,,,,,,,6,,,,4,4,8,2,,,,,,
"Trans-New Guinea","Madang",,"Trans-New Guinea","Madang",,,99.4730690803,173,usa,1,2,2,2,1,1,1,1,3,2,,1,2,1,1,7,6,,1,1,,,,,1,1,1,2,,,1,2,1,1,1,,1,4,,2,,3,,3,,,1,6,,2,2,3,9,3,,,8,,,,,,,,,,,1,1,,,,,2,,,,2,1,2,3,1,1,1,5,3,1,,1,1,,1,1,2,2,2,,,,,,,,1,6,2,,1,,2,1,1,2,2,5,2,3,3,,2,3,4,1,4,,2,2,3,4,,6,3,2,2,2,,2,2,,,,,,,,,,,,,,2,2,1,1,,,,,,1,,,,1,4,4,7,3,,,,,,,,,,3,,,,4,4,1,11,,,,,,
"Sepik","Sepik Hill",,"Trans-New Guinea","Madang",,,123.953555307,173,ala,3,3,2,2,2,1,1,1,3,2,,1,3,1,1,6,5,,1,1,1,5,1,6,1,2,5,2,2,1,1,3,2,2,2,8,6,6,3,1,4,3,,3,2,1,5,3,1,,1,2,7,2,6,2,6,,1,,4,2,1,1,,,8,1,2,1,2,1,4,2,1,4,1,2,,,,1,1,1,5,1,1,,1,1,6,1,1,1,1,1,2,1,,,,,,2,6,2,,1,1,1,1,,2,2,5,2,2,3,,2,3,4,1,4,,4,2,3,2,,6,4,3,1,1,,4,4,,3,3,3,,,,,3,,,,,1,1,1,1,,,,,,1,,,,1,4,4,7,3,,,,,,,,,,3,,,,4,4,1,11,,,,,,
"Trans-New Guinea","Madang",,"Trans-New Guinea","Madang",,,138.729555749,173,ame,5,2,3,2,3,1,1,2,3,2,,1,2,1,1,5,3,5,1,3,1,5,1,4,1,2,5,2,2,1,1,2,1,1,1,6,3,5,4,4,1,3,,3,3,1,1,6,1,2,1,2,1,1,9,2,5,1,1,2,2,2,1,4,4,2,2,2,2,2,2,1,2,2,5,4,1,2,3,3,3,1,1,4,5,2,1,,1,1,3,1,1,2,2,2,1,,1,,,,,2,2,2,2,1,2,2,1,1,2,,5,2,3,1,1,2,3,4,1,4,1,2,2,3,3,,1,4,2,1,2,2,2,2,2,2,3,1,1,,,,,,,,,1,1,1,1,,,,,2,15,,18,,1,2,4,19,,,,,,,,,,,17,,,14,4,2,3,4,,,,,,
"Trans-New Guinea","Eastern Highlands",,"Trans-New Guinea","Madang",,,170.496235295,173,hua,,,,,,,,,,,,,,,,,,,,,,,,,3,3,3,2,3,,,,,,,,,,,,,,,,3,,,6,,,,2,7,4,1,2,,,1,,3,2,1,3,,,8,,,,,,,2,,,,,,,,,,,,,1,,1,1,,1,1,1,1,1,2,1,,,,,,,6,2,,1,1,1,,,2,2,5,2,3,,,2,,,,,,,1,,,,2,,,,,,,,,,,,,,,,,,,,,1,1,1,1,,,,,,3,,,,2,4,4,20,,,,,,,,,,,5,,,,4,4,2,11,,,,,,
"Trans-New Guinea","Madang",,"Trans-New Guinea","Madang",,,198.988243276,173,wsk,,,,,,,,,,,,,,,,,,,,,,,,,3,1,5,2,2,1,,,,,,,,,,1,1,,,,,,,6,,,,4,,,9,2,,,,,1,2,1,2,,,,2,,,,,,2,,,,,,,,,,,,,1,,1,1,,1,1,2,2,2,,,,,,,,2,,2,,1,,2,,,2,,2,2,1,,,2,,,,,,,2,,,,1,4,2,1,2,,,,,,,,,,,,6,,,,,3,2,1,2,,,,,,1,,,,1,4,4,7,3,,,,,,,,,,3,,,,4,4,1,11,,,,,,
"Sepik","Ram",,"Trans-New Guinea","Madang",,,312.917449118,173,awt,,,,,,,,,,,,,,,6,8,1,1,,,,,,,2,2,2,2,3,,,,,,,2,,,1,1,2,,,,,,,3,,,,1,,,6,1,1,,1,,4,2,1,1,,,,1,,,,,,2,,,,,,,,,,,,,1,,1,1,6,1,1,2,1,2,2,1,,,,,,2,2,2,2,1,1,2,,,1,5,1,1,1,,,2,,,,,,,1,,,,1,3,2,1,2,,,,,,,,,,,,,,,,,1,1,1,1,,,,,,3,,,,2,4,4,20,,,,,,,,,,,5,,,,4,4,2,11,,,,,,
"Border","Border",,"Trans-New Guinea","Madang",,,406.020424204,173,imo,1,3,1,1,1,1,1,2,3,2,,1,3,1,,,,,1,1,1,1,1,6,3,3,3,2,,,4,1,1,1,1,9,1,2,,5,5,4,,1,2,1,1,6,1,,1,2,5,2,6,2,1,1,1,2,4,2,1,2,6,4,8,,2,1,1,1,3,2,4,4,4,2,1,2,3,1,1,4,5,2,,,1,1,,1,1,2,6,2,7,3,,2,,,,3,,,,1,5,2,6,6,1,5,1,1,1,1,4,2,3,4,3,4,,,2,3,4,,1,,2,1,2,,4,4,1,,1,1,,,,,6,,,,,1,1,1,1,,,,,,1,,,,1,4,4,21,,,,,,,,,,,18,,,,,,,,,,,,,
"Trans-New Guinea","Binanderean",,"Trans-New Guinea","Madang",,,456.953190534,173,sue,5,2,2,2,2,1,1,1,3,2,,1,1,2,,,,,1,1,,,,,4,2,5,2,2,,2,2,1,1,1,,2,7,,,,5,,5,,,,6,2,,1,2,4,3,1,,,,1,,4,2,1,1,,,,,1,2,2,1,4,2,1,,4,2,2,,,2,4,1,5,1,1,,1,1,,1,1,2,2,2,,,,,,,,,6,2,1,1,,2,4,1,2,5,2,2,1,1,,2,3,4,8,5,,,,3,1,,2,,,,,,,,1,,,,,,,,,,,,,,,,,,,,,,1,,,,1,4,4,21,,,,,,,,,,,14,,,,,,,11,,,,,,
"Trans-New Guinea","Dani",,"Torricelli","Kombio-Arapesh",,,490.287910035,154,dni,1,3,1,1,1,1,1,2,2,,,1,2,1,7,8,1,1,1,1,1,5,1,4,1,3,5,2,2,,1,2,1,1,1,,,5,1,5,5,3,,3,,,3,6,1,,,3,6,2,1,2,,,,,1,1,1,2,,,,,,1,2,1,4,2,1,4,1,2,1,2,2,2,4,4,5,1,1,,1,1,,1,1,,2,,1,,1,,,,,,6,,5,1,2,,4,4,2,2,5,2,3,,1,2,3,4,3,2,,,2,3,1,,2,,,,,,4,,,3,3,2,,,,,,,,,,1,1,1,1,,,,,,2,,,,4,1,4,8,4,,,,,,,,,,4,,,,4,4,8,1,,,,,,
"Trans-New Guinea","Eastern Highlands",,"Torricelli","Kombio-Arapesh",,,399.017437737,154,hua,,,,,,,,,,,,,,,,,,,,,,,,,3,3,3,2,3,,,,,,,,,,,,,,,,3,,,6,,,,2,7,4,1,2,,,1,,3,2,1,3,,,8,,,,,,,2,,,,,,,,,,,,,1,,1,1,,1,1,1,1,1,2,1,,,,,,,6,2,,1,1,1,,,2,2,5,2,3,,,2,,,,,,,1,,,,2,,,,,,,,,,,,,,,,,,,,,1,1,1,1,,,,,,3,,,,2,4,4,20,,,,,,,,,,,5,,,,4,4,2,11,,,,,,
"Trans-New Guinea","Madang",,"Torricelli","Kombio-Arapesh",,,349.462132383,154,tau,,,,,,,,,,,,,,,,,,,,,,,,,3,2,5,2,3,,,,,,,9,4,,,4,1,,,,2,3,1,6,,,,1,,,6,2,1,,,,1,2,1,2,,,,,2,,,,,2,1,2,,,,,,1,1,,,,1,,1,1,,1,1,2,1,2,7,2,2,,,,,,2,2,5,1,5,2,,,2,2,5,2,3,3,,2,3,4,,,,,2,1,7,,1,,,,,,,,1,,,,,,,,,,,,,1,1,1,1,,,,,,1,,,,1,4,4,7,3,,,,,,,,,,3,,,,4,4,1,11,,,,,,
"Trans-New Guinea","Madang",,"Torricelli","Kombio-Arapesh",,,334.631879305,154,wsk,,,,,,,,,,,,,,,,,,,,,,,,,3,1,5,2,2,1,,,,,,,,,,1,1,,,,,,,6,,,,4,,,9,2,,,,,1,2,1,2,,,,2,,,,,,2,,,,,,,,,,,,,1,,1,1,,1,1,2,2,2,,,,,,,,2,,2,,1,,2,,,2,,2,2,1,,,2,,,,,,,2,,,,1,4,2,1,2,,,,,,,,,,,,6,,,,,3,2,1,2,,,,,,1,,,,1,4,4,7,3,,,,,,,,,,3,,,,4,4,1,11,,,,,,
"Sentani","Sentani",,"Torricelli","Kombio-Arapesh",,,303.200812137,154,snt,1,3,1,2,1,1,1,1,3,,,1,,,1,3,3,1,1,1,,,,,,,,,2,,1,2,1,1,1,9,,4,,,,3,,3,,,2,6,1,,,2,1,1,9,,,,1,,4,2,1,3,,,,,2,,,,,2,1,2,1,2,,3,,1,1,4,5,1,1,,1,1,,1,1,2,1,2,,,,,,,,2,,2,,1,,2,,,2,,5,2,2,,,2,,,,,,,1,2,1,,,,2,1,2,,,,,,,,,,,,,,,,,1,1,1,1,,,,,,3,,,,2,4,4,20,,,,,,,,,,,5,,,,4,4,2,11,,,,,,
"Trans-New Guinea","Madang",,"Torricelli","Kombio-Arapesh",,,229.053415053,154,kob,3,3,2,1,1,1,1,2,2,2,,1,2,1,6,8,1,5,1,1,,,,,4,4,5,2,2,,1,2,1,1,1,2,3,4,,4,1,3,,3,2,1,1,6,1,2,1,2,1,3,9,2,1,,1,,1,2,1,2,,,1,2,2,,,,,2,1,1,1,2,1,3,3,1,1,,,,1,,1,1,,1,1,2,2,2,7,5,,,,,2,2,2,2,,1,5,2,1,2,2,2,2,4,1,2,,2,3,4,8,5,1,3,1,1,7,1,1,3,2,2,2,3,4,4,4,3,1,2,,,,,5,,,,,1,1,1,1,,,,,,4,,,,4,2,4,20,,,,,,,,,,,6,,,,4,4,8,2,,,,,,
"Border","Border",,"Torricelli","Kombio-Arapesh",,,222.492839101,154,imo,1,3,1,1,1,1,1,2,3,2,,1,3,1,,,,,1,1,1,1,1,6,3,3,3,2,,,4,1,1,1,1,9,1,2,,5,5,4,,1,2,1,1,6,1,,1,2,5,2,6,2,1,1,1,2,4,2,1,2,6,4,8,,2,1,1,1,3,2,4,4,4,2,1,2,3,1,1,4,5,2,,,1,1,,1,1,2,6,2,7,3,,2,,,,3,,,,1,5,2,6,6,1,5,1,1,1,1,4,2,3,4,3,4,,,2,3,4,,1,,2,1,2,,4,4,1,,1,1,,,,,6,,,,,1,1,1,1,,,,,,1,,,,1,4,4,21,,,,,,,,,,,18,,,,,,,,,,,,,
"Sepik","Sepik Hill",,"Torricelli","Kombio-Arapesh",,,134.708284727,154,ala,3,3,2,2,2,1,1,1,3,2,,1,3,1,1,6,5,,1,1,1,5,1,6,1,2,5,2,2,1,1,3,2,2,2,8,6,6,3,1,4,3,,3,2,1,5,3,1,,1,2,7,2,6,2,6,,1,,4,2,1,1,,,8,1,2,1,2,1,4,2,1,4,1,2,,,,1,1,1,5,1,1,,1,1,6,1,1,1,1,1,2,1,,,,,,2,6,2,,1,1,1,1,,2,2,5,2,2,3,,2,3,4,1,4,,4,2,3,2,,6,4,3,1,1,,4,4,,3,3,3,,,,,3,,,,,1,1,1,1,,,,,,1,,,,1,4,4,7,3,,,,,,,,,,3,,,,4,4,1,11,,,,,,
"Torricelli","Kombio-Arapesh",,,"Torricelli","Kombio-Arapesh",,,0.0,154,arp,2,3,2,2,2,1,1,2,3,2,,1,2,1,6,8,1,,1,1,1,5,1,3,1,2,5,2,5,1,1,3,5,2,3,2,,5,2,,1,3,,3,2,1,4,2,1,,,1,1,1,9,2,1,,,,,2,1,1,,,8,,,2,4,1,4,1,1,2,4,2,,,,1,1,4,5,1,2,,1,2,,2,3,1,1,1,,,,,,,,,2,2,5,4,,3,1,1,4,2,5,2,2,,1,2,3,4,3,2,,,2,3,2,,1,,3,1,2,3,4,,,1,,,1,,,,,,,,,1,1,1,1,,,,,,15,,1,,1,1,4,19,3,,15,,,1,4,3,7,3,,,,,,,,,,,,,,
"Sepik","Ram",,"Torricelli","Kombio-Arapesh",,,130.130191697,154,awt,,,,,,,,,,,,,,,6,8,1,1,,,,,,,2,2,2,2,3,,,,,,,2,,,1,1,2,,,,,,,3,,,,1,,,6,1,1,,1,,4,2,1,1,,,,1,,,,,,2,,,,,,,,,,,,,1,,1,1,6,1,1,2,1,2,2,1,,,,,,2,2,2,2,1,1,2,,,1,5,1,1,1,,,2,,,,,,,1,,,,1,3,2,1,2,,,,,,,,,,,,,,,,,1,1,1,1,,,,,,3,,,,2,4,4,20,,,,,,,,,,,5,,,,4,4,2,11,,,,,,
"Lower Sepik-Ramu","Lower Sepik",,"Torricelli","Kombio-Arapesh",,,140.04381885,154,yim,1,1,4,1,1,1,1,2,1,2,,1,2,1,2,8,1,1,3,1,,,,,1,2,5,2,4,1,1,2,5,2,3,2,6,4,,5,5,3,,3,3,1,2,6,1,,1,3,9,4,1,,6,1,1,1,,2,1,1,6,2,2,,3,,,,,2,1,4,1,2,1,2,1,1,1,1,5,1,,,1,1,6,1,1,3,2,,,,,,,,,,,,,1,,5,1,1,6,2,5,2,4,1,,2,3,4,3,4,3,4,1,2,5,,,4,3,1,1,,4,,1,3,2,1,,,,,3,,,,,3,2,1,2,,,,,,3,,,,2,4,4,20,,,,,,,,,,,20,,,,,,,,,,,,,
"Skou","Western Skou",,"Torricelli","Kombio-Arapesh",,,224.822098984,154,dum,1,3,1,2,1,1,1,2,,,,1,,3,,,,,1,1,,,,,4,1,5,2,,,,,,,,,,,,,,,,,,,,1,,,,2,,,9,,,,1,,,2,1,2,,,,,,,,,,,,,,,,,,,,,,,1,,1,1,5,,1,2,2,2,,,,,,,,,2,2,,,,2,,,2,1,2,2,1,,,2,,,,,,,2,1,7,,1,,,,,,,,,,,,,,,,,,,,,1,1,2,2,,,,,,2,,,,4,1,4,8,4,,,,,,,,,,4,,,,4,4,8,1,,,,,,
"Trans-New Guinea","Madang",,"Torricelli","Kombio-Arapesh",,,268.867299899,154,usa,1,2,2,2,1,1,1,1,3,2,,1,2,1,1,7,6,,1,1,,,,,1,1,1,2,,,1,2,1,1,1,,1,4,,2,,3,,3,,,1,6,,2,2,3,9,3,,,8,,,,,,,,,,,1,1,,,,,2,,,,2,1,2,3,1,1,1,5,3,1,,1,1,,1,1,2,2,2,,,,,,,,1,6,2,,1,,2,1,1,2,2,5,2,3,3,,2,3,4,1,4,,2,2,3,4,,6,3,2,2,2,,2,2,,,,,,,,,,,,,,2,2,1,1,,,,,,1,,,,1,4,4,7,3,,,,,,,,,,3,,,,4,4,1,11,,,,,,
"Trans-New Guinea","Madang",,"Torricelli","Kombio-Arapesh",,,333.331633231,154,ame,5,2,3,2,3,1,1,2,3,2,,1,2,1,1,5,3,5,1,3,1,5,1,4,1,2,5,2,2,1,1,2,1,1,1,6,3,5,4,4,1,3,,3,3,1,1,6,1,2,1,2,1,1,9,2,5,1,1,2,2,2,1,4,4,2,2,2,2,2,2,1,2,2,5,4,1,2,3,3,3,1,1,4,5,2,1,,1,1,3,1,1,2,2,2,1,,1,,,,,2,2,2,2,1,2,2,1,1,2,,5,2,3,1,1,2,3,4,1,4,1,2,2,3,3,,1,4,2,1,2,2,2,2,2,2,3,1,1,,,,,,,,,1,1,1,1,,,,,2,15,,18,,1,2,4,19,,,,,,,,,,,17,,,14,4,2,3,4,,,,,,
"Trans-New Guinea","Engan",,"Torricelli","Kombio-Arapesh",,,345.27943265,154,kew,3,2,3,1,1,1,1,3,3,,,1,1,2,1,7,6,5,1,1,1,1,3,4,2,2,2,2,2,,1,2,1,1,1,2,,4,,5,5,3,,3,,,1,6,1,,,2,6,2,6,,8,,1,,4,2,1,1,,,,,,2,2,1,3,2,1,1,4,2,,3,,3,2,1,5,1,1,,1,1,,1,1,1,1,2,7,3,,2,,,,,2,2,2,1,5,1,4,4,4,2,2,2,1,,1,2,3,4,1,4,,2,1,1,7,,1,,2,1,2,,,,,3,1,1,1,2,2,,,,,,,1,1,1,1,,,,,,3,,,,2,4,4,20,,,,,,,,,,,5,,,,4,4,2,11,,,,,,
"Trans-New Guinea","Mek",,"Torricelli","Kombio-Arapesh",,,375.716495056,154,una,3,3,2,2,5,1,1,2,2,,,1,2,2,,,,,1,1,,,,,,,,,2,,4,3,1,1,1,,,4,,,,3,,3,,,,6,,,,2,1,3,9,2,4,,,,1,,,,,,,,,,,,,2,1,4,,2,1,2,3,1,1,,,,1,,1,1,,1,1,2,1,2,2,1,,,,,,1,6,2,,1,1,2,4,4,2,2,5,2,3,,,2,3,4,2,4,,2,2,1,7,,2,,,,,,,,,,,,,,,,5,,,,,,,,,,,,,,1,,,,1,4,4,7,3,,,,,,,,,,3,,,,4,4,1,11,,,,,,
"Trans-New Guinea","Eastern Highlands",,"Torricelli","Kombio-Arapesh",,,404.637486291,154,ygr,1,2,3,2,2,1,3,3,,,,1,3,2,,,,,1,1,,,,,,,,,4,,,,,,,8,,,,4,2,,,,3,2,,,,,,,,,6,,,,,,3,,,,,,,,,1,4,1,3,4,,,,,,,,,,,,,1,,1,1,3,1,1,1,,2,2,1,,,,,4,,2,2,5,1,1,1,,,,2,,,,,,,,,,,,,1,,,,1,,2,2,2,,4,,,,,,,1,1,3,,,,,,,,,,,,,,,3,,,,2,4,4,20,,,,,,,,,,,5,,,,4,4,2,11,,,,,,
"Trans-New Guinea","Eastern Highlands",,"Sepik","Ram",,,479.409014443,145,hua,,,,,,,,,,,,,,,,,,,,,,,,,3,3,3,2,3,,,,,,,,,,,,,,,,3,,,6,,,,2,7,4,1,2,,,1,,3,2,1,3,,,8,,,,,,,2,,,,,,,,,,,,,1,,1,1,,1,1,1,1,1,2,1,,,,,,,6,2,,1,1,1,,,2,2,5,2,3,,,2,,,,,,,1,,,,2,,,,,,,,,,,,,,,,,,,,,1,1,1,1,,,,,,3,,,,2,4,4,20,,,,,,,,,,,5,,,,4,4,2,11,,,,,,
"Trans-New Guinea","Asmat-Kamoro",,"Sepik","Ram",,,442.628744846,145,asm,3,2,1,1,1,1,1,1,3,2,,1,2,1,7,8,6,2,1,1,1,5,1,3,1,4,5,2,2,1,1,3,1,1,1,2,,7,3,2,,3,,3,4,,4,6,1,,1,2,1,1,9,,,,,,4,1,1,2,,,,1,,2,2,1,3,2,4,,4,2,1,2,3,2,2,4,5,1,1,,1,1,,5,1,2,1,2,2,1,,,,,,2,2,2,2,,1,2,1,,2,2,5,4,3,,2,2,3,4,2,4,,2,2,3,2,,1,3,2,2,2,,,,,,,,,,,,,,,,,1,1,3,2,,,,,,2,,,,4,1,4,8,4,,,,,,,,,,4,,,,4,4,8,1,,,,,,
"Trans-New Guinea","Madang",,"Sepik","Ram",,,438.353004963,145,ame,5,2,3,2,3,1,1,2,3,2,,1,2,1,1,5,3,5,1,3,1,5,1,4,1,2,5,2,2,1,1,2,1,1,1,6,3,5,4,4,1,3,,3,3,1,1,6,1,2,1,2,1,1,9,2,5,1,1,2,2,2,1,4,4,2,2,2,2,2,2,1,2,2,5,4,1,2,3,3,3,1,1,4,5,2,1,,1,1,3,1,1,2,2,2,1,,1,,,,,2,2,2,2,1,2,2,1,1,2,,5,2,3,1,1,2,3,4,1,4,1,2,2,3,3,,1,4,2,1,2,2,2,2,2,2,3,1,1,,,,,,,,,1,1,1,1,,,,,2,15,,18,,1,2,4,19,,,,,,,,,,,17,,,14,4,2,3,4,,,,,,
"Trans-New Guinea","Madang",,"Sepik","Ram",,,377.667826153,145,usa,1,2,2,2,1,1,1,1,3,2,,1,2,1,1,7,6,,1,1,,,,,1,1,1,2,,,1,2,1,1,1,,1,4,,2,,3,,3,,,1,6,,2,2,3,9,3,,,8,,,,,,,,,,,1,1,,,,,2,,,,2,1,2,3,1,1,1,5,3,1,,1,1,,1,1,2,2,2,,,,,,,,1,6,2,,1,,2,1,1,2,2,5,2,3,3,,2,3,4,1,4,,2,2,3,4,,6,3,2,2,2,,2,2,,,,,,,,,,,,,,2,2,1,1,,,,,,1,,,,1,4,4,7,3,,,,,,,,,,3,,,,4,4,1,11,,,,,,
"Trans-New Guinea","Madang",,"Sepik","Ram",,,312.917449118,145,kob,3,3,2,1,1,1,1,2,2,2,,1,2,1,6,8,1,5,1,1,,,,,4,4,5,2,2,,1,2,1,1,1,2,3,4,,4,1,3,,3,2,1,1,6,1,2,1,2,1,3,9,2,1,,1,,1,2,1,2,,,1,2,2,,,,,2,1,1,1,2,1,3,3,1,1,,,,1,,1,1,,1,1,2,2,2,7,5,,,,,2,2,2,2,,1,5,2,1,2,2,2,2,4,1,2,,2,3,4,8,5,1,3,1,1,7,1,1,3,2,2,2,3,4,4,4,3,1,2,,,,,5,,,,,1,1,1,1,,,,,,4,,,,4,2,4,20,,,,,,,,,,,6,,,,4,4,8,2,,,,,,
"Lower Sepik-Ramu","Lower Sepik",,"Sepik","Ram",,,209.908420273,145,yim,1,1,4,1,1,1,1,2,1,2,,1,2,1,2,8,1,1,3,1,,,,,1,2,5,2,4,1,1,2,5,2,3,2,6,4,,5,5,3,,3,3,1,2,6,1,,1,3,9,4,1,,6,1,1,1,,2,1,1,6,2,2,,3,,,,,2,1,4,1,2,1,2,1,1,1,1,5,1,,,1,1,6,1,1,3,2,,,,,,,,,,,,,1,,5,1,1,6,2,5,2,4,1,,2,3,4,3,4,3,4,1,2,5,,,4,3,1,1,,4,,1,3,2,1,,,,,3,,,,,3,2,1,2,,,,,,3,,,,2,4,4,20,,,,,,,,,,,20,,,,,,,,,,,,,
"Sepik","Sepik Hill",,"Sepik","Ram",,,190.728836363,145,ala,3,3,2,2,2,1,1,1,3,2,,1,3,1,1,6,5,,1,1,1,5,1,6,1,2,5,2,2,1,1,3,2,2,2,8,6,6,3,1,4,3,,3,2,1,5,3,1,,1,2,7,2,6,2,6,,1,,4,2,1,1,,,8,1,2,1,2,1,4,2,1,4,1,2,,,,1,1,1,5,1,1,,1,1,6,1,1,1,1,1,2,1,,,,,,2,6,2,,1,1,1,1,,2,2,5,2,2,3,,2,3,4,1,4,,4,2,3,2,,6,4,3,1,1,,4,4,,3,3,3,,,,,3,,,,,1,1,1,1,,,,,,1,,,,1,4,4,7,3,,,,,,,,,,3,,,,4,4,1,11,,,,,,
"Skou","Western Skou",,"Sepik","Ram",,,126.709821042,145,dum,1,3,1,2,1,1,1,2,,,,1,,3,,,,,1,1,,,,,4,1,5,2,,,,,,,,,,,,,,,,,,,,1,,,,2,,,9,,,,1,,,2,1,2,,,,,,,,,,,,,,,,,,,,,,,1,,1,1,5,,1,2,2,2,,,,,,,,,2,2,,,,2,,,2,1,2,2,1,,,2,,,,,,,2,1,7,,1,,,,,,,,,,,,,,,,,,,,,1,1,2,2,,,,,,2,,,,4,1,4,8,4,,,,,,,,,,4,,,,4,4,8,1,,,,,,
"Sepik","Ram",,,"Sepik","Ram",,,0.0,145,awt,,,,,,,,,,,,,,,6,8,1,1,,,,,,,2,2,2,2,3,,,,,,,2,,,1,1,2,,,,,,,3,,,,1,,,6,1,1,,1,,4,2,1,1,,,,1,,,,,,2,,,,,,,,,,,,,1,,1,1,6,1,1,2,1,2,2,1,,,,,,2,2,2,2,1,1,2,,,1,5,1,1,1,,,2,,,,,,,1,,,,1,3,2,1,2,,,,,,,,,,,,,,,,,1,1,1,1,,,,,,3,,,,2,4,4,20,,,,,,,,,,,5,,,,4,4,2,11,,,,,,
"Border","Border",,"Sepik","Ram",,,96.5807364524,145,imo,1,3,1,1,1,1,1,2,3,2,,1,3,1,,,,,1,1,1,1,1,6,3,3,3,2,,,4,1,1,1,1,9,1,2,,5,5,4,,1,2,1,1,6,1,,1,2,5,2,6,2,1,1,1,2,4,2,1,2,6,4,8,,2,1,1,1,3,2,4,4,4,2,1,2,3,1,1,4,5,2,,,1,1,,1,1,2,6,2,7,3,,2,,,,3,,,,1,5,2,6,6,1,5,1,1,1,1,4,2,3,4,3,4,,,2,3,4,,1,,2,1,2,,4,4,1,,1,1,,,,,6,,,,,1,1,1,1,,,,,,1,,,,1,4,4,21,,,,,,,,,,,18,,,,,,,,,,,,,
"Torricelli","Kombio-Arapesh",,"Sepik","Ram",,,130.130191697,145,arp,2,3,2,2,2,1,1,2,3,2,,1,2,1,6,8,1,,1,1,1,5,1,3,1,2,5,2,5,1,1,3,5,2,3,2,,5,2,,1,3,,3,2,1,4,2,1,,,1,1,1,9,2,1,,,,,2,1,1,,,8,,,2,4,1,4,1,1,2,4,2,,,,1,1,4,5,1,2,,1,2,,2,3,1,1,1,,,,,,,,,2,2,5,4,,3,1,1,4,2,5,2,2,,1,2,3,4,3,2,,,2,3,2,,1,,3,1,2,3,4,,,1,,,1,,,,,,,,,1,1,1,1,,,,,,15,,1,,1,1,4,19,3,,15,,,1,4,3,7,3,,,,,,,,,,,,,,
"Sentani","Sentani",,"Sepik","Ram",,,192.630133349,145,snt,1,3,1,2,1,1,1,1,3,,,1,,,1,3,3,1,1,1,,,,,,,,,2,,1,2,1,1,1,9,,4,,,,3,,3,,,2,6,1,,,2,1,1,9,,,,1,,4,2,1,3,,,,,2,,,,,2,1,2,1,2,,3,,1,1,4,5,1,1,,1,1,,1,1,2,1,2,,,,,,,,2,,2,,1,,2,,,2,,5,2,2,,,2,,,,,,,1,2,1,,,,2,1,2,,,,,,,,,,,,,,,,,1,1,1,1,,,,,,3,,,,2,4,4,20,,,,,,,,,,,5,,,,4,4,2,11,,,,,,
"Trans-New Guinea","Mek",,"Sepik","Ram",,,252.409823363,145,una,3,3,2,2,5,1,1,2,2,,,1,2,2,,,,,1,1,,,,,,,,,2,,4,3,1,1,1,,,4,,,,3,,3,,,,6,,,,2,1,3,9,2,4,,,,1,,,,,,,,,,,,,2,1,4,,2,1,2,3,1,1,,,,1,,1,1,,1,1,2,1,2,2,1,,,,,,1,6,2,,1,1,2,4,4,2,2,5,2,3,,,2,3,4,2,4,,2,2,1,7,,2,,,,,,,,,,,,,,,,5,,,,,,,,,,,,,,1,,,,1,4,4,7,3,,,,,,,,,,3,,,,4,4,1,11,,,,,,
"Trans-New Guinea","Dani",,"Sepik","Ram",,,361.03840209,145,dni,1,3,1,1,1,1,1,2,2,,,1,2,1,7,8,1,1,1,1,1,5,1,4,1,3,5,2,2,,1,2,1,1,1,,,5,1,5,5,3,,3,,,3,6,1,,,3,6,2,1,2,,,,,1,1,1,2,,,,,,1,2,1,4,2,1,4,1,2,1,2,2,2,4,4,5,1,1,,1,1,,1,1,,2,,1,,1,,,,,,6,,5,1,2,,4,4,2,2,5,2,3,,1,2,3,4,3,2,,,2,3,1,,2,,,,,,4,,,3,3,2,,,,,,,,,,1,1,1,1,,,,,,2,,,,4,1,4,8,4,,,,,,,,,,4,,,,4,4,8,1,,,,,,
"Trans-New Guinea","Engan",,"Sepik","Ram",,,382.635923114,145,kew,3,2,3,1,1,1,1,3,3,,,1,1,2,1,7,6,5,1,1,1,1,3,4,2,2,2,2,2,,1,2,1,1,1,2,,4,,5,5,3,,3,,,1,6,1,,,2,6,2,6,,8,,1,,4,2,1,1,,,,,,2,2,1,3,2,1,1,4,2,,3,,3,2,1,5,1,1,,1,1,,1,1,1,1,2,7,3,,2,,,,,2,2,2,1,5,1,4,4,4,2,2,2,1,,1,2,3,4,1,4,,2,1,1,7,,1,,2,1,2,,,,,3,1,1,1,2,2,,,,,,,1,1,1,1,,,,,,3,,,,2,4,4,20,,,,,,,,,,,5,,,,4,4,2,11,,,,,,
"Trans-New Guinea","Madang",,"Sepik","Ram",,,441.019968576,145,tau,,,,,,,,,,,,,,,,,,,,,,,,,3,2,5,2,3,,,,,,,9,4,,,4,1,,,,2,3,1,6,,,,1,,,6,2,1,,,,1,2,1,2,,,,,2,,,,,2,1,2,,,,,,1,1,,,,1,,1,1,,1,1,2,1,2,7,2,2,,,,,,2,2,5,1,5,2,,,2,2,5,2,3,3,,2,3,4,,,,,2,1,7,,1,,,,,,,,1,,,,,,,,,,,,,1,1,1,1,,,,,,1,,,,1,4,4,7,3,,,,,,,,,,3,,,,4,4,1,11,,,,,,
"Trans-New Guinea","Madang",,"Sepik","Ram",,,455.22634976,145,wsk,,,,,,,,,,,,,,,,,,,,,,,,,3,1,5,2,2,1,,,,,,,,,,1,1,,,,,,,6,,,,4,,,9,2,,,,,1,2,1,2,,,,2,,,,,,2,,,,,,,,,,,,,1,,1,1,,1,1,2,2,2,,,,,,,,2,,2,,1,,2,,,2,,2,2,1,,,2,,,,,,,2,,,,1,4,2,1,2,,,,,,,,,,,,6,,,,,3,2,1,2,,,,,,1,,,,1,4,4,7,3,,,,,,,,,,3,,,,4,4,1,11,,,,,,
"Trans-New Guinea","Eastern Highlands",,"Sepik","Ram",,,486.553786889,145,ygr,1,2,3,2,2,1,3,3,,,,1,3,2,,,,,1,1,,,,,,,,,4,,,,,,,8,,,,4,2,,,,3,2,,,,,,,,,6,,,,,,3,,,,,,,,,1,4,1,3,4,,,,,,,,,,,,,1,,1,1,3,1,1,1,,2,2,1,,,,,4,,2,2,5,1,1,1,,,,2,,,,,,,,,,,,,1,,,,1,,2,2,2,,4,,,,,,,1,1,3,,,,,,,,,,,,,,,3,,,,2,4,4,20,,,,,,,,,,,5,,,,4,4,2,11,,,,,,
