syu,33.6193936848,hua,,,,,,,,,,,,,,,,,,,,,,,,,3,3,3,2,3,,,,,,,,,,,,,,,,3,,,6,,,,2,7,4,1,2,,,1,,3,2,1,3,,,8,,,,,,,2,,,,,,,,,,,,,1,,1,1,,1,1,1,1,1,2,1,,,,,,,6,2,,1,1,1,,,2,2,5,2,3,,,2,,,,,,,1,,,,2,,,,,,,,,,,,,,,,,,,,,1,1,1,1,,,,,,3,,,,2,4,4,20,,,,,,,,,,,5,,,,4,4,2,11,,,,,,
syu,42.7298701184,ygr,1,2,3,2,2,1,3,3,,,,1,3,2,,,,,1,1,,,,,,,,,4,,,,,,,8,,,,4,2,,,,3,2,,,,,,,,,6,,,,,,3,,,,,,,,,1,4,1,3,4,,,,,,,,,,,,,1,,1,1,3,1,1,1,,2,2,1,,,,,4,,2,2,5,1,1,1,,,,2,,,,,,,,,,,,,1,,,,1,,2,2,2,,4,,,,,,,1,1,3,,,,,,,,,,,,,,,3,,,,2,4,4,20,,,,,,,,,,,5,,,,4,4,2,11,,,,,,
syu,61.072264905,wah,2,2,3,1,1,1,1,2,,,,1,2,2,7,8,1,2,3,1,,,,,,,,,2,,,,,,,9,,,,4,1,,,,,,,,,,,,,,1,,,,,,2,,,,,,,,,,,,,2,,,,,,,,,,,,,1,,1,1,3,1,1,2,2,2,1,,1,,,,,,2,2,,1,2,2,,,,,,,,,,,,,,,,,,,,,1,,,,,,,,,,,,,,,,,,,,,,,,,,,,,,1,,,,1,4,4,21,,,,,,,,,,,14,,,,,,,11,,,,,,
syu,67.9522895365,tau,,,,,,,,,,,,,,,,,,,,,,,,,3,2,5,2,3,,,,,,,9,4,,,4,1,,,,2,3,1,6,,,,1,,,6,2,1,,,,1,2,1,2,,,,,2,,,,,2,1,2,,,,,,1,1,,,,1,,1,1,,1,1,2,1,2,7,2,2,,,,,,2,2,5,1,5,2,,,2,2,5,2,3,3,,2,3,4,,,,,2,1,7,,1,,,,,,,,1,,,,,,,,,,,,,1,1,1,1,,,,,,1,,,,1,4,4,7,3,,,,,,,,,,3,,,,4,4,1,11,,,,,,
syu,130.017990251,ame,5,2,3,2,3,1,1,2,3,2,,1,2,1,1,5,3,5,1,3,1,5,1,4,1,2,5,2,2,1,1,2,1,1,1,6,3,5,4,4,1,3,,3,3,1,1,6,1,2,1,2,1,1,9,2,5,1,1,2,2,2,1,4,4,2,2,2,2,2,2,1,2,2,5,4,1,2,3,3,3,1,1,4,5,2,1,,1,1,3,1,1,2,2,2,1,,1,,,,,2,2,2,2,1,2,2,1,1,2,,5,2,3,1,1,2,3,4,1,4,1,2,2,3,3,,1,4,2,1,2,2,2,2,2,2,3,1,1,,,,,,,,,1,1,1,1,,,,,2,15,,18,,1,2,4,19,,,,,,,,,,,17,,,14,4,2,3,4,,,,,,
syu,134.529807086,adz,4,1,4,2,2,1,1,1,,,,1,,,,,,,1,1,,,,,,,,,,,,,,,,,,,,,,,,,,,,6,,,,2,,,,,,,,,,,,,,,,,,,,,,,,,,,,,,,,,,,2,,1,2,1,2,1,2,2,2,1,,1,,,,,,6,2,,4,4,4,,,1,,1,1,1,,,2,,,,,,,1,,,,6,,,,,,,,,,,,,,,,,,,,,,,,,,,,,,15,,5,,2,1,4,19,6,,15,,,9,4,4,7,3,,,,,,,,,,,,,,
syu,134.775221147,kew,3,2,3,1,1,1,1,3,3,,,1,1,2,1,7,6,5,1,1,1,1,3,4,2,2,2,2,2,,1,2,1,1,1,2,,4,,5,5,3,,3,,,1,6,1,,,2,6,2,6,,8,,1,,4,2,1,1,,,,,,2,2,1,3,2,1,1,4,2,,3,,3,2,1,5,1,1,,1,1,,1,1,1,1,2,7,3,,2,,,,,2,2,2,1,5,1,4,4,4,2,2,2,1,,1,2,3,4,1,4,,2,1,1,7,,1,,2,1,2,,,,,3,1,1,1,2,2,,,,,,,1,1,1,1,,,,,,3,,,,2,4,4,20,,,,,,,,,,,5,,,,4,4,2,11,,,,,,
syu,146.340831242,kob,3,3,2,1,1,1,1,2,2,2,,1,2,1,6,8,1,5,1,1,,,,,4,4,5,2,2,,1,2,1,1,1,2,3,4,,4,1,3,,3,2,1,1,6,1,2,1,2,1,3,9,2,1,,1,,1,2,1,2,,,1,2,2,,,,,2,1,1,1,2,1,3,3,1,1,,,,1,,1,1,,1,1,2,2,2,7,5,,,,,2,2,2,2,,1,5,2,1,2,2,2,2,4,1,2,,2,3,4,8,5,1,3,1,1,7,1,1,3,2,2,2,3,4,4,4,3,1,2,,,,,5,,,,,1,1,1,1,,,,,,4,,,,4,2,4,20,,,,,,,,,,,6,,,,4,4,8,2,,,,,,
syu,161.906458239,usa,1,2,2,2,1,1,1,1,3,2,,1,2,1,1,7,6,,1,1,,,,,1,1,1,2,,,1,2,1,1,1,,1,4,,2,,3,,3,,,1,6,,2,2,3,9,3,,,8,,,,,,,,,,,1,1,,,,,2,,,,2,1,2,3,1,1,1,5,3,1,,1,1,,1,1,2,2,2,,,,,,,,1,6,2,,1,,2,1,1,2,2,5,2,3,3,,2,3,4,1,4,,2,2,3,4,,6,3,2,2,2,,2,2,,,,,,,,,,,,,,2,2,1,1,,,,,,1,,,,1,4,4,7,3,,,,,,,,,,3,,,,4,4,1,11,,,,,,
syu,190.63312913,ham,1,3,1,1,1,2,2,1,1,,,1,3,2,,,,,1,1,,,,,,,,,4,1,1,2,,,,,,4,,,,3,,3,,,,2,,,,1,8,6,,,,,,,1,,,,,,,,2,,,,,4,1,1,1,2,1,2,3,2,4,,,,1,,1,1,,1,,2,2,2,,,,,,,,1,2,2,,1,,2,1,1,2,2,5,2,2,,,2,,,,,,,1,2,1,,1,,,,,,,,,3,3,3,,,,,,,,,,,,,,,,,,,3,,,,2,4,4,20,,,,,,,,,,,5,,,,4,4,2,11,,,,,,
syu,225.328086857,wsk,,,,,,,,,,,,,,,,,,,,,,,,,3,1,5,2,2,1,,,,,,,,,,1,1,,,,,,,6,,,,4,,,9,2,,,,,1,2,1,2,,,,2,,,,,,2,,,,,,,,,,,,,1,,1,1,,1,1,2,2,2,,,,,,,,2,,2,,1,,2,,,2,,2,2,1,,,2,,,,,,,2,,,,1,4,2,1,2,,,,,,,,,,,,6,,,,,3,2,1,2,,,,,,1,,,,1,4,4,7,3,,,,,,,,,,3,,,,4,4,1,11,,,,,,
syu,243.456188224,yim,1,1,4,1,1,1,1,2,1,2,,1,2,1,2,8,1,1,3,1,,,,,1,2,5,2,4,1,1,2,5,2,3,2,6,4,,5,5,3,,3,3,1,2,6,1,,1,3,9,4,1,,6,1,1,1,,2,1,1,6,2,2,,3,,,,,2,1,4,1,2,1,2,1,1,1,1,5,1,,,1,1,6,1,1,3,2,,,,,,,,,,,,,1,,5,1,1,6,2,5,2,4,1,,2,3,4,3,4,3,4,1,2,5,,,4,3,1,1,,4,,1,3,2,1,,,,,3,,,,,3,2,1,2,,,,,,3,,,,2,4,4,20,,,,,,,,,,,20,,,,,,,,,,,,,
syu,253.921914881,mnm,,,,,,,,,,,,,,,1,4,3,1,,,,,,,,,,,3,1,,,,,,9,1,,,5,5,,,,2,,,,,,,,,,6,,,,,,2,,,,,,,2,,,,,,2,5,4,1,2,,,,,,,,,1,,1,1,,1,2,2,2,2,1,,1,,,,,2,6,2,,1,2,2,,,,2,,,,,,,,,,,1,2,2,,,,6,,3,1,2,,,,,,,,,,,,,,,,,,,,,,,,,,1,,,,1,4,4,7,3,,,,,,,,,,3,,,,4,4,1,11,,,,,,
syu,255.059270342,kiw,1,2,2,2,2,1,1,1,,,,1,1,2,,,,,1,1,1,5,2,,,,,,3,,,,,,,2,,,,,,,,,,,,,,,,,,,1,,,,1,,,,,,,,,,,,,,,2,4,4,4,2,,,,,,,,,1,,1,1,,1,1,1,1,1,,,,,,,,,,2,,1,,1,,,,,,,,,,,,,,,,,6,,,,1,,,,,,,,,,,,,,,,,,,,,1,2,1,1,,,,,,14,2,,,1,2,4,18,,,,,,,,,,,16,,10,,4,3,5,6,,,,,,
syu,260.231891495,ala,3,3,2,2,2,1,1,1,3,2,,1,3,1,1,6,5,,1,1,1,5,1,6,1,2,5,2,2,1,1,3,2,2,2,8,6,6,3,1,4,3,,3,2,1,5,3,1,,1,2,7,2,6,2,6,,1,,4,2,1,1,,,8,1,2,1,2,1,4,2,1,4,1,2,,,,1,1,1,5,1,1,,1,1,6,1,1,1,1,1,2,1,,,,,,2,6,2,,1,1,1,1,,2,2,5,2,2,3,,2,3,4,1,4,,4,2,3,2,,6,4,3,1,1,,4,4,,3,3,3,,,,,3,,,,,1,1,1,1,,,,,,1,,,,1,4,4,7,3,,,,,,,,,,3,,,,4,4,1,11,,,,,,
syu,322.078502896,sue,5,2,2,2,2,1,1,1,3,2,,1,1,2,,,,,1,1,,,,,4,2,5,2,2,,2,2,1,1,1,,2,7,,,,5,,5,,,,6,2,,1,2,4,3,1,,,,1,,4,2,1,1,,,,,1,2,2,1,4,2,1,,4,2,2,,,2,4,1,5,1,1,,1,1,,1,1,2,2,2,,,,,,,,,6,2,1,1,,2,4,1,2,5,2,2,1,1,,2,3,4,8,5,,,,3,1,,2,,,,,,,,1,,,,,,,,,,,,,,,,,,,,,,1,,,,1,4,4,21,,,,,,,,,,,14,,,,,,,11,,,,,,
syu,345.421679952,kwo,3,3,3,3,1,1,1,1,3,,,1,2,,,,,,1,1,,,,,,,,,2,,,,,,,7,,,,1,4,,,,,,,,,,,,,,6,,,,,,4,,,,,,,,,,,,,2,,,,,,,,,,,,,1,,1,1,4,1,1,1,1,1,2,1,,,,,,2,3,2,4,1,1,1,,,,,,,,,,,,,,,,,1,,,,1,,,,,,,,,,,,,,,,,,,,,,,,,,,,,,15,,4,,1,2,4,19,,,,,,,,,,,17,,,15,,,,4,,,,,,
syu,375.308440925,arp,2,3,2,2,2,1,1,2,3,2,,1,2,1,6,8,1,,1,1,1,5,1,3,1,2,5,2,5,1,1,3,5,2,3,2,,5,2,,1,3,,3,2,1,4,2,1,,,1,1,1,9,2,1,,,,,2,1,1,,,8,,,2,4,1,4,1,1,2,4,2,,,,1,1,4,5,1,2,,1,2,,2,3,1,1,1,,,,,,,,,2,2,5,4,,3,1,1,4,2,5,2,2,,1,2,3,4,3,2,,,2,3,2,,1,,3,1,2,3,4,,,1,,,1,,,,,,,,,1,1,1,1,,,,,,15,,1,,1,1,4,19,3,,15,,,1,4,3,7,3,,,,,,,,,,,,,,
syu,450.597753375,awt,,,,,,,,,,,,,,,6,8,1,1,,,,,,,2,2,2,2,3,,,,,,,2,,,1,1,2,,,,,,,3,,,,1,,,6,1,1,,1,,4,2,1,1,,,,1,,,,,,2,,,,,,,,,,,,,1,,1,1,6,1,1,2,1,2,2,1,,,,,,2,2,2,2,1,1,2,,,1,5,1,1,1,,,2,,,,,,,1,,,,1,3,2,1,2,,,,,,,,,,,,,,,,,1,1,1,1,,,,,,3,,,,2,4,4,20,,,,,,,,,,,5,,,,4,4,2,11,,,,,,
