wah,61.072264905,syu,,,,,,,,,,,,,,,,,,,,,,,,,4,4,5,2,2,,,,,,,9,1,,,,,,,,,,,6,,,,2,,,9,2,,,1,,2,2,1,3,,,,,2,,,,,2,,,,,,,,,,,,,1,,1,1,,1,,2,,,,,,,,,,2,6,2,,1,,2,,,2,,2,2,1,2,,2,,,,,,,1,,,,2,,,,,,,,2,,,,,,,,,,,,,2,2,1,1,,,,,,4,,,,4,2,4,20,,,,,,,,,,,6,,,,4,4,8,2,,,,,,
wah,68.8466053224,tau,,,,,,,,,,,,,,,,,,,,,,,,,3,2,5,2,3,,,,,,,9,4,,,4,1,,,,2,3,1,6,,,,1,,,6,2,1,,,,1,2,1,2,,,,,2,,,,,2,1,2,,,,,,1,1,,,,1,,1,1,,1,1,2,1,2,7,2,2,,,,,,2,2,5,1,5,2,,,2,2,5,2,3,3,,2,3,4,,,,,2,1,7,,1,,,,,,,,1,,,,,,,,,,,,,1,1,1,1,,,,,,1,,,,1,4,4,7,3,,,,,,,,,,3,,,,4,4,1,11,,,,,,
wah,85.4131439085,kob,3,3,2,1,1,1,1,2,2,2,,1,2,1,6,8,1,5,1,1,,,,,4,4,5,2,2,,1,2,1,1,1,2,3,4,,4,1,3,,3,2,1,1,6,1,2,1,2,1,3,9,2,1,,1,,1,2,1,2,,,1,2,2,,,,,2,1,1,1,2,1,3,3,1,1,,,,1,,1,1,,1,1,2,2,2,7,5,,,,,2,2,2,2,,1,5,2,1,2,2,2,2,4,1,2,,2,3,4,8,5,1,3,1,1,7,1,1,3,2,2,2,3,4,4,4,3,1,2,,,,,5,,,,,1,1,1,1,,,,,,4,,,,4,2,4,20,,,,,,,,,,,6,,,,4,4,8,2,,,,,,
wah,87.9779218427,hua,,,,,,,,,,,,,,,,,,,,,,,,,3,3,3,2,3,,,,,,,,,,,,,,,,3,,,6,,,,2,7,4,1,2,,,1,,3,2,1,3,,,8,,,,,,,2,,,,,,,,,,,,,1,,1,1,,1,1,1,1,1,2,1,,,,,,,6,2,,1,1,1,,,2,2,5,2,3,,,2,,,,,,,1,,,,2,,,,,,,,,,,,,,,,,,,,,1,1,1,1,,,,,,3,,,,2,4,4,20,,,,,,,,,,,5,,,,4,4,2,11,,,,,,
wah,95.2969537732,ygr,1,2,3,2,2,1,3,3,,,,1,3,2,,,,,1,1,,,,,,,,,4,,,,,,,8,,,,4,2,,,,3,2,,,,,,,,,6,,,,,,3,,,,,,,,,1,4,1,3,4,,,,,,,,,,,,,1,,1,1,3,1,1,1,,2,2,1,,,,,4,,2,2,5,1,1,1,,,,2,,,,,,,,,,,,,1,,,,1,,2,2,2,,4,,,,,,,1,1,3,,,,,,,,,,,,,,,3,,,,2,4,4,20,,,,,,,,,,,5,,,,4,4,2,11,,,,,,
wah,115.791112159,ame,5,2,3,2,3,1,1,2,3,2,,1,2,1,1,5,3,5,1,3,1,5,1,4,1,2,5,2,2,1,1,2,1,1,1,6,3,5,4,4,1,3,,3,3,1,1,6,1,2,1,2,1,1,9,2,5,1,1,2,2,2,1,4,4,2,2,2,2,2,2,1,2,2,5,4,1,2,3,3,3,1,1,4,5,2,1,,1,1,3,1,1,2,2,2,1,,1,,,,,2,2,2,2,1,2,2,1,1,2,,5,2,3,1,1,2,3,4,1,4,1,2,2,3,3,,1,4,2,1,2,2,2,2,2,2,3,1,1,,,,,,,,,1,1,1,1,,,,,2,15,,18,,1,2,4,19,,,,,,,,,,,17,,,14,4,2,3,4,,,,,,
wah,121.845756086,usa,1,2,2,2,1,1,1,1,3,2,,1,2,1,1,7,6,,1,1,,,,,1,1,1,2,,,1,2,1,1,1,,1,4,,2,,3,,3,,,1,6,,2,2,3,9,3,,,8,,,,,,,,,,,1,1,,,,,2,,,,2,1,2,3,1,1,1,5,3,1,,1,1,,1,1,2,2,2,,,,,,,,1,6,2,,1,,2,1,1,2,2,5,2,3,3,,2,3,4,1,4,,2,2,3,4,,6,3,2,2,2,,2,2,,,,,,,,,,,,,,2,2,1,1,,,,,,1,,,,1,4,4,7,3,,,,,,,,,,3,,,,4,4,1,11,,,,,,
wah,122.602641167,kew,3,2,3,1,1,1,1,3,3,,,1,1,2,1,7,6,5,1,1,1,1,3,4,2,2,2,2,2,,1,2,1,1,1,2,,4,,5,5,3,,3,,,1,6,1,,,2,6,2,6,,8,,1,,4,2,1,1,,,,,,2,2,1,3,2,1,1,4,2,,3,,3,2,1,5,1,1,,1,1,,1,1,1,1,2,7,3,,2,,,,,2,2,2,1,5,1,4,4,4,2,2,2,1,,1,2,3,4,1,4,,2,1,1,7,,1,,2,1,2,,,,,3,1,1,1,2,2,,,,,,,1,1,1,1,,,,,,3,,,,2,4,4,20,,,,,,,,,,,5,,,,4,4,2,11,,,,,,
wah,175.767656366,adz,4,1,4,2,2,1,1,1,,,,1,,,,,,,1,1,,,,,,,,,,,,,,,,,,,,,,,,,,,,6,,,,2,,,,,,,,,,,,,,,,,,,,,,,,,,,,,,,,,,,2,,1,2,1,2,1,2,2,2,1,,1,,,,,,6,2,,4,4,4,,,1,,1,1,1,,,2,,,,,,,1,,,,6,,,,,,,,,,,,,,,,,,,,,,,,,,,,,,15,,5,,2,1,4,19,6,,15,,,9,4,4,7,3,,,,,,,,,,,,,,
wah,183.076226723,yim,1,1,4,1,1,1,1,2,1,2,,1,2,1,2,8,1,1,3,1,,,,,1,2,5,2,4,1,1,2,5,2,3,2,6,4,,5,5,3,,3,3,1,2,6,1,,1,3,9,4,1,,6,1,1,1,,2,1,1,6,2,2,,3,,,,,2,1,4,1,2,1,2,1,1,1,1,5,1,,,1,1,6,1,1,3,2,,,,,,,,,,,,,1,,5,1,1,6,2,5,2,4,1,,2,3,4,3,4,3,4,1,2,5,,,4,3,1,1,,4,,1,3,2,1,,,,,3,,,,,3,2,1,2,,,,,,3,,,,2,4,4,20,,,,,,,,,,,20,,,,,,,,,,,,,
wah,200.725551673,ala,3,3,2,2,2,1,1,1,3,2,,1,3,1,1,6,5,,1,1,1,5,1,6,1,2,5,2,2,1,1,3,2,2,2,8,6,6,3,1,4,3,,3,2,1,5,3,1,,1,2,7,2,6,2,6,,1,,4,2,1,1,,,8,1,2,1,2,1,4,2,1,4,1,2,,,,1,1,1,5,1,1,,1,1,6,1,1,1,1,1,2,1,,,,,,2,6,2,,1,1,1,1,,2,2,5,2,2,3,,2,3,4,1,4,,4,2,3,2,,6,4,3,1,1,,4,4,,3,3,3,,,,,3,,,,,1,1,1,1,,,,,,1,,,,1,4,4,7,3,,,,,,,,,,3,,,,4,4,1,11,,,,,,
wah,205.373450885,wsk,,,,,,,,,,,,,,,,,,,,,,,,,3,1,5,2,2,1,,,,,,,,,,1,1,,,,,,,6,,,,4,,,9,2,,,,,1,2,1,2,,,,2,,,,,,2,,,,,,,,,,,,,1,,1,1,,1,1,2,2,2,,,,,,,,2,,2,,1,,2,,,2,,2,2,1,,,2,,,,,,,2,,,,1,4,2,1,2,,,,,,,,,,,,6,,,,,3,2,1,2,,,,,,1,,,,1,4,4,7,3,,,,,,,,,,3,,,,4,4,1,11,,,,,,
wah,206.259612753,mnm,,,,,,,,,,,,,,,1,4,3,1,,,,,,,,,,,3,1,,,,,,9,1,,,5,5,,,,2,,,,,,,,,,6,,,,,,2,,,,,,,2,,,,,,2,5,4,1,2,,,,,,,,,1,,1,1,,1,2,2,2,2,1,,1,,,,,2,6,2,,1,2,2,,,,2,,,,,,,,,,,1,2,2,,,,6,,3,1,2,,,,,,,,,,,,,,,,,,,,,,,,,,1,,,,1,4,4,7,3,,,,,,,,,,3,,,,4,4,1,11,,,,,,
wah,251.040358679,ham,1,3,1,1,1,2,2,1,1,,,1,3,2,,,,,1,1,,,,,,,,,4,1,1,2,,,,,,4,,,,3,,3,,,,2,,,,1,8,6,,,,,,,1,,,,,,,,2,,,,,4,1,1,1,2,1,2,3,2,4,,,,1,,1,1,,1,,2,2,2,,,,,,,,1,2,2,,1,,2,1,1,2,2,5,2,2,,,2,,,,,,,1,2,1,,1,,,,,,,,,3,3,3,,,,,,,,,,,,,,,,,,,3,,,,2,4,4,20,,,,,,,,,,,5,,,,4,4,2,11,,,,,,
wah,275.823322977,kiw,1,2,2,2,2,1,1,1,,,,1,1,2,,,,,1,1,1,5,2,,,,,,3,,,,,,,2,,,,,,,,,,,,,,,,,,,1,,,,1,,,,,,,,,,,,,,,2,4,4,4,2,,,,,,,,,1,,1,1,,1,1,1,1,1,,,,,,,,,,2,,1,,1,,,,,,,,,,,,,,,,,6,,,,1,,,,,,,,,,,,,,,,,,,,,1,2,1,1,,,,,,14,2,,,1,2,4,18,,,,,,,,,,,16,,10,,4,3,5,6,,,,,,
wah,286.008735177,kwo,3,3,3,3,1,1,1,1,3,,,1,2,,,,,,1,1,,,,,,,,,2,,,,,,,7,,,,1,4,,,,,,,,,,,,,,6,,,,,,4,,,,,,,,,,,,,2,,,,,,,,,,,,,1,,1,1,4,1,1,1,1,1,2,1,,,,,,2,3,2,4,1,1,1,,,,,,,,,,,,,,,,,1,,,,1,,,,,,,,,,,,,,,,,,,,,,,,,,,,,,15,,4,,1,2,4,19,,,,,,,,,,,17,,,15,,,,4,,,,,,
wah,314.260440248,arp,2,3,2,2,2,1,1,2,3,2,,1,2,1,6,8,1,,1,1,1,5,1,3,1,2,5,2,5,1,1,3,5,2,3,2,,5,2,,1,3,,3,2,1,4,2,1,,,1,1,1,9,2,1,,,,,2,1,1,,,8,,,2,4,1,4,1,1,2,4,2,,,,1,1,4,5,1,2,,1,2,,2,3,1,1,1,,,,,,,,,2,2,5,4,,3,1,1,4,2,5,2,2,,1,2,3,4,3,2,,,2,3,2,,1,,3,1,2,3,4,,,1,,,1,,,,,,,,,1,1,1,1,,,,,,15,,1,,1,1,4,19,3,,15,,,1,4,3,7,3,,,,,,,,,,,,,,
wah,378.525654063,sue,5,2,2,2,2,1,1,1,3,2,,1,1,2,,,,,1,1,,,,,4,2,5,2,2,,2,2,1,1,1,,2,7,,,,5,,5,,,,6,2,,1,2,4,3,1,,,,1,,4,2,1,1,,,,,1,2,2,1,4,2,1,,4,2,2,,,2,4,1,5,1,1,,1,1,,1,1,2,2,2,,,,,,,,,6,2,1,1,,2,4,1,2,5,2,2,1,1,,2,3,4,8,5,,,,3,1,,2,,,,,,,,1,,,,,,,,,,,,,,,,,,,,,,1,,,,1,4,4,21,,,,,,,,,,,14,,,,,,,11,,,,,,
wah,391.432694629,awt,,,,,,,,,,,,,,,6,8,1,1,,,,,,,2,2,2,2,3,,,,,,,2,,,1,1,2,,,,,,,3,,,,1,,,6,1,1,,1,,4,2,1,1,,,,1,,,,,,2,,,,,,,,,,,,,1,,1,1,6,1,1,2,1,2,2,1,,,,,,2,2,2,2,1,1,2,,,1,5,1,1,1,,,2,,,,,,,1,,,,1,3,2,1,2,,,,,,,,,,,,,,,,,1,1,1,1,,,,,,3,,,,2,4,4,20,,,,,,,,,,,5,,,,4,4,2,11,,,,,,
wah,481.744582119,imo,1,3,1,1,1,1,1,2,3,2,,1,3,1,,,,,1,1,1,1,1,6,3,3,3,2,,,4,1,1,1,1,9,1,2,,5,5,4,,1,2,1,1,6,1,,1,2,5,2,6,2,1,1,1,2,4,2,1,2,6,4,8,,2,1,1,1,3,2,4,4,4,2,1,2,3,1,1,4,5,2,,,1,1,,1,1,2,6,2,7,3,,2,,,,3,,,,1,5,2,6,6,1,5,1,1,1,1,4,2,3,4,3,4,,,2,3,4,,1,,2,1,2,,4,4,1,,1,1,,,,,6,,,,,1,1,1,1,,,,,,1,,,,1,4,4,21,,,,,,,,,,,18,,,,,,,,,,,,,
