fni,158.241393408,mum,3,2,3,4,2,1,3,2,,,,1,2,3,,,,,1,3,,,,,,,,,1,,,,,,,7,,,,1,2,,,,,,,6,,,,2,,,9,,,,,,4,,,,,,,,,,,,,3,5,1,3,,,,,,,,,,2,,1,2,,2,3,2,2,2,1,,1,,,,,,2,2,,4,4,4,,,1,4,1,1,1,,,2,,,,,,,2,,,,1,,,,,,,,,,,,,1,2,,,,,,,,,,,,,,,,15,,2,,1,1,4,19,6,,15,,,2,4,5,7,2,,,,,,,,,,,,,,
fni,166.828729676,per,,,,,,,,,,,,,,,,,,,,,,,,,,,,,4,,,,,,,9,3,,,3,4,,,,,,5,,1,,,,,,9,2,4,,,,2,,,,,,,,2,,,,,4,,,,,,,,,,,,,2,,1,2,,2,2,2,,2,1,,1,,,,,,2,2,5,4,4,4,,,,,,,,1,,,,,,,,,6,,,,1,,,,,,4,4,3,3,1,1,1,1,2,,,,,,,,,,,,,,,,14,1,,,1,1,4,18,,,14,,1,,4,5,7,3,,,,,,,,,,,,,,
fni,184.534975468,anc,1,3,4,4,2,1,3,2,,,,1,3,3,,,,,1,1,,,,,,,,,1,,,,,,,7,,,,,,,,,,,,,,,,,,,9,,,,,,2,,,,,,,,,,,,,5,,,,,,,,,,,,,2,,1,2,1,2,2,2,2,2,1,,1,,,,,,2,2,,4,4,4,,,,,,,,,2,,,,,,,,4,,,,1,,,,,,,,,,,,,,,,,,,,,,,,,,,,,,2,,,,4,1,4,4,6,,4,,,,4,8,7,1,,,,,,,,,,,,,,
fni,194.808053862,non,3,3,2,2,3,1,1,2,,,,1,3,3,,,,,1,1,,,,,,,,,4,,,,,,,1,,,,5,5,,,,,,,,,,,,,,2,,,,,,4,,,,,,,,,,,,,2,,,,,,,,,,,,,2,,1,2,1,4,2,2,2,2,1,,1,,,,,,2,2,1,5,4,4,,,,1,,,,,,,,,,,,,6,,,,1,,,,,,,,,,,,,,,,,,,,,,,,,,,,,,16,16,,3,1,1,4,18,,,14,,15,,3,5,7,3,,,,,,,,,,,,,,
fni,203.081773365,fye,5,2,5,3,1,1,3,2,,,,1,2,2,,,,,1,1,,,,,,,,,3,,,,,,,1,6,,,1,1,,,,,,,,,,,,,,,,,,,,2,,,,,,,,,,,,,2,1,3,4,,,,,,,,,,2,,1,2,,2,2,2,2,2,1,,1,,,,,,2,2,1,4,4,4,,,,4,,,,2,,,,,,,,,2,,,,1,,,,,,4,,,,,,,,,,,,,,,,,,,,,,,,15,,2,,1,1,4,19,6,,15,,,5,3,8,7,2,,,,,,,,,,,,,,
fni,228.134930857,bab,,,,,,,,,,,,,,,,,,,,,,,,,,,,,,,,,5,3,3,,6,,,1,4,,,,,1,5,2,1,2,,2,,,9,,,,,,,,,,,,,2,2,,,,,,1,4,,,2,3,3,,,,,,2,,1,2,,2,,2,2,2,1,,1,,,,,1,2,,,4,4,4,,,1,1,1,1,1,4,,2,,,,,1,2,6,,,1,1,5,3,2,1,,3,3,1,,,,,2,2,,,,,,,,,,,,,,,,14,1,,,1,1,4,18,,,14,,1,,4,5,7,3,,,,,,,,,,,,,,
fni,235.615654629,mup,,,,,,,,,,,,,,,,,,,,,,,,,,,,,1,,,,,,,7,,,1,1,1,,,,,,6,1,,,1,3,,,9,2,4,,1,,4,,,,5,,,,2,,,,,5,4,,,,,,,,,4,5,2,2,,1,2,1,2,2,2,2,2,1,,1,,,,,3,2,2,1,4,4,4,,,2,1,3,1,1,1,,2,,,,,,,4,,,,1,4,,,,,,,1,,,,2,1,2,,,,,,,,,,,,,,,,15,,2,,1,1,4,19,6,,15,,,5,3,8,7,2,,,,,,,,,,,,,,
fni,247.66464545,bir,3,3,3,4,2,1,1,2,,,,1,2,3,,,,,1,3,,,,,,,,,6,,,,,,,1,,,,1,1,,,,,,,,,,,,,,9,,,,,,,,,,,,,2,,,,,,1,5,,3,2,,,,,,,,,2,,1,2,1,2,2,2,2,2,1,,1,,,,,,2,2,1,4,4,4,,,,2,,,,,,,,,,,,,2,1,7,,1,5,,,,,,,,,,,,,,,,,,,,,,,,,,,,,2,,,,4,1,4,4,6,,4,,,,4,8,7,1,,,,,,,,,,,,,,
fni,262.071822626,knk,4,2,3,2,2,1,3,4,,,,1,2,2,,,,,1,1,,,,,,,,,2,,,,,,,2,,,,3,,,,,,,,,,,,,,,9,,,,,,4,2,1,2,,,,,,1,1,1,4,2,,,,,,,,,,,,,2,,1,2,1,2,2,3,2,2,1,,1,,,,,,2,2,1,4,4,5,,,,,,,,,,,,,,,,,6,,,,1,,2,1,1,,,,,,,,,,,,,,,,,,,,,,,,,,14,1,,,1,1,4,18,,,14,,1,,4,5,7,3,,,,,,,,,,,,,,
fni,289.546231305,doy,3,3,3,4,2,1,3,2,,1,5,1,3,3,,,,,1,3,,,,,,,,,2,,,,,,,2,5,,,2,4,,,,,,,6,,2,,2,,,9,,,,,,2,,,,,,,,2,,,,,3,,,,,,,,,,,,,2,,1,2,,4,1,2,,2,1,,1,,,,,,2,2,,5,4,4,,,2,6,5,4,2,2,,1,,,,,,2,6,,,,1,,,,,,,,,,,,,,,,,,,,,,,,,,,,,,16,16,,4,1,3,1,18,3,,14,,16,,4,5,6,3,,,,,,,,,,,,,,
fni,319.145353973,miy,,,,,,,,,,,,,,,,,,,,,,,,,,,,,2,1,,,2,2,3,2,6,,,1,1,,,,2,1,1,,,,1,,,,9,,,,1,,2,,,,6,,,,2,,,,,5,1,4,4,,,,,,,,,,7,4,3,2,1,2,2,2,1,2,1,,1,,,,,,2,3,1,4,4,4,,,,4,,,,2,,,,,,,,,6,3,3,1,1,,,,,,4,3,3,3,1,1,1,,,,,,,,,,,,,,,,,,14,14,,,1,1,4,18,,,14,,21,,4,5,5,3,,,,,,,,,22,7,5,2,3,
fni,347.311042506,ter,5,2,5,4,2,1,3,4,,,,1,2,3,,,,,1,1,2,5,1,,,,,,2,,,,,,,8,,,,,,,,,,,,,,,,,,,9,1,,,,,2,2,1,2,,,,2,,,,,,5,1,3,,,,,,,,,,,2,,1,2,1,2,2,2,2,2,1,,1,,,,,,2,2,1,4,4,4,,,,,,,,,,,,,,,,,2,3,3,,1,4,,,,,,,,,,,,,,,,,,,,,,,,,,,,2,15,,2,,1,1,4,19,6,,15,,,2,4,5,7,2,,,,,,,,,,,,,,
fni,406.226529755,gud,,,,,,,,,,,,,,,,,,,,,,,,,,,,,2,,,,,,,2,,,3,3,,,,,,,,3,,,,2,,,9,,,,,,2,,,,,,,,,,,,,2,,,,,,,,,,,,,3,,2,2,1,2,2,1,4,2,1,,1,,,,,,2,1,1,4,4,3,,,1,1,1,1,1,,,2,,,,,,,2,,,,1,,3,1,2,,,,,,,,,,,,,,,,,,,,,,,,,,1,,,,1,4,4,1,1,1,8,,,,1,8,7,4,,,,,,,,,,,,,,
fni,412.145537822,gwa,3,2,3,4,2,1,3,2,,,,1,3,3,,,,,1,3,,,,,,,,,,,,,,,,,,,,1,1,,,,,,,,,,,,,,,,,,,,,,,,,,,,,,,,,,5,1,2,2,,,,,,,,,7,1,1,3,6,4,1,2,2,2,1,,1,,,,,,2,2,1,5,5,5,,,,1,,,,,,,,,,,,,6,,,,1,,,,,,,,,,,,,,,,,,,,,,,,,,,,,,14,1,,,1,1,4,18,,,14,,19,,4,5,7,3,16,,12,,4,3,8,5,,,,,,
fni,417.583664157,mrg,4,1,5,4,2,1,3,4,,,,1,,2,,,,,1,1,,5,1,,,,,,3,,,,,,,8,,,1,1,4,,,,2,2,1,,,2,,,,,9,2,,2,1,3,2,2,1,2,6,2,,2,,1,4,1,3,4,1,,1,,,,,,,,,,2,,1,2,,2,2,2,2,2,1,,1,,,,,2,2,2,1,4,4,4,,,,,,,,,,,,,,,,,2,,,,1,4,3,1,2,2,,,,,,,,,,,,,,,,,,,,,,,,,2,,,,4,1,4,4,6,,4,,,,4,8,7,1,,,,,,,,,,,,,,
fni,424.416187383,igb,5,3,3,4,2,1,1,2,1,2,,1,1,2,,,,,1,3,,,,,,,,,,1,1,1,1,1,1,6,,4,,,,3,,1,,,,6,1,,,2,1,1,,,6,,1,,4,,,,,,,1,,,,,,2,1,1,4,2,2,1,2,1,1,4,5,1,2,,1,2,1,2,2,2,2,2,1,,1,,,,,,6,2,1,4,4,4,3,3,1,4,1,1,1,2,,2,3,4,3,4,1,2,,2,3,,6,5,3,1,1,2,,,,3,3,3,1,1,2,,3,,,,,,,,,,,,,2,,,,,,,,,,,,,,,,,,,,,,,,,,,,,,,,
fni,437.894201207,ngz,4,2,5,4,2,1,3,4,3,,,1,2,2,,,,,1,1,,,,,,,,,2,,,,,,,2,,,,1,1,,,,2,2,,,,,,,,,9,,,,1,3,2,,,,1,2,,,,,,,,2,,,,,,,,,,,,,2,,1,2,1,2,2,2,2,2,1,,1,,,,,2,6,2,5,4,4,4,,,,4,,,,,,,,,,,,,2,,,,6,,2,1,1,,,,,,,,,1,1,3,,,,,,,,,,,,,,,2,,,,4,1,4,4,6,,4,,,,4,8,7,1,,,,,,,,,,,,,,
fni,492.090339552,ewo,4,3,3,4,3,1,1,2,,,,1,2,3,,,,,1,3,,,,,,,,,6,,,,,,,1,,,,1,,,,,3,1,,,,,,,,,9,,6,,,,4,,,,,,,,2,,,,,1,,,,,,,,,,,,,2,,1,2,,2,2,2,2,2,1,,1,,,,,,1,2,1,4,4,4,,,,2,,,,2,,,,,,,,,2,,,,1,,,,,,,,,,,,,,,,,,,,,,,,,2,,,,,15,,17,,1,1,1,19,,,15,,,10,4,3,5,4,,,,,,,,,,,,,,
