imo,73.7775297417,dum,1,3,1,2,1,1,1,2,,,,1,,3,,,,,1,1,,,,,4,1,5,2,,,,,,,,,,,,,,,,,,,,1,,,,2,,,9,,,,1,,,2,1,2,,,,,,,,,,,,,,,,,,,,,,,1,,1,1,5,,1,2,2,2,,,,,,,,,2,2,,,,2,,,2,1,2,2,1,,,2,,,,,,,2,1,7,,1,,,,,,,,,,,,,,,,,,,,,1,1,2,2,,,,,,2,,,,4,1,4,8,4,,,,,,,,,,4,,,,4,4,8,1,,,,,,
imo,96.5807364524,awt,,,,,,,,,,,,,,,6,8,1,1,,,,,,,2,2,2,2,3,,,,,,,2,,,1,1,2,,,,,,,3,,,,1,,,6,1,1,,1,,4,2,1,1,,,,1,,,,,,2,,,,,,,,,,,,,1,,1,1,6,1,1,2,1,2,2,1,,,,,,2,2,2,2,1,1,2,,,1,5,1,1,1,,,2,,,,,,,1,,,,1,3,2,1,2,,,,,,,,,,,,,,,,,1,1,1,1,,,,,,3,,,,2,4,4,20,,,,,,,,,,,5,,,,4,4,2,11,,,,,,
imo,105.598101107,snt,1,3,1,2,1,1,1,1,3,,,1,,,1,3,3,1,1,1,,,,,,,,,2,,1,2,1,1,1,9,,4,,,,3,,3,,,2,6,1,,,2,1,1,9,,,,1,,4,2,1,3,,,,,2,,,,,2,1,2,1,2,,3,,1,1,4,5,1,1,,1,1,,1,1,2,1,2,,,,,,,,2,,2,,1,,2,,,2,,5,2,2,,,2,,,,,,,1,2,1,,,,2,1,2,,,,,,,,,,,,,,,,,1,1,1,1,,,,,,3,,,,2,4,4,20,,,,,,,,,,,5,,,,4,4,2,11,,,,,,
imo,196.793141767,una,3,3,2,2,5,1,1,2,2,,,1,2,2,,,,,1,1,,,,,,,,,2,,4,3,1,1,1,,,4,,,,3,,3,,,,6,,,,2,1,3,9,2,4,,,,1,,,,,,,,,,,,,2,1,4,,2,1,2,3,1,1,,,,1,,1,1,,1,1,2,1,2,2,1,,,,,,1,6,2,,1,1,2,4,4,2,2,5,2,3,,,2,3,4,2,4,,2,2,1,7,,2,,,,,,,,,,,,,,,,5,,,,,,,,,,,,,,1,,,,1,4,4,7,3,,,,,,,,,,3,,,,4,4,1,11,,,,,,
imo,198.61978836,kwo,3,3,3,3,1,1,1,1,3,,,1,2,,,,,,1,1,,,,,,,,,2,,,,,,,7,,,,1,4,,,,,,,,,,,,,,6,,,,,,4,,,,,,,,,,,,,2,,,,,,,,,,,,,1,,1,1,4,1,1,1,1,1,2,1,,,,,,2,3,2,4,1,1,1,,,,,,,,,,,,,,,,,1,,,,1,,,,,,,,,,,,,,,,,,,,,,,,,,,,,,15,,4,,1,2,4,19,,,,,,,,,,,17,,,15,,,,4,,,,,,
imo,222.492839101,arp,2,3,2,2,2,1,1,2,3,2,,1,2,1,6,8,1,,1,1,1,5,1,3,1,2,5,2,5,1,1,3,5,2,3,2,,5,2,,1,3,,3,2,1,4,2,1,,,1,1,1,9,2,1,,,,,2,1,1,,,8,,,2,4,1,4,1,1,2,4,2,,,,1,1,4,5,1,2,,1,2,,2,3,1,1,1,,,,,,,,,2,2,5,4,,3,1,1,4,2,5,2,2,,1,2,3,4,3,2,,,2,3,2,,1,,3,1,2,3,4,,,1,,,1,,,,,,,,,1,1,1,1,,,,,,15,,1,,1,1,4,19,3,,15,,,1,4,3,7,3,,,,,,,,,,,,,,
imo,281.637436615,kmb,,,,,,,,,,,,,,,,,,,,,,,,,4,2,5,2,2,,,,,,,,1,,,5,5,,,,,,,,1,,,,1,1,9,,,1,1,,1,,,,4,,,,2,,,,,2,,,,,,,,,,,,,1,,1,1,,1,1,2,2,2,6,,,,,,1,,2,2,2,1,5,2,,,,2,,,,4,,,,,,,,,1,,,,1,,,,,,,,,,,,,,,,,,,,,1,2,1,1,,,,,,15,,8,,2,2,4,19,,,,,,,,,,,17,,,7,4,4,6,4,,,,,,
imo,281.741870011,dni,1,3,1,1,1,1,1,2,2,,,1,2,1,7,8,1,1,1,1,1,5,1,4,1,3,5,2,2,,1,2,1,1,1,,,5,1,5,5,3,,3,,,3,6,1,,,3,6,2,1,2,,,,,1,1,1,2,,,,,,1,2,1,4,2,1,4,1,2,1,2,2,2,4,4,5,1,1,,1,1,,1,1,,2,,1,,1,,,,,,6,,5,1,2,,4,4,2,2,5,2,3,,1,2,3,4,3,2,,,2,3,1,,2,,,,,,4,,,3,3,2,,,,,,,,,,1,1,1,1,,,,,,2,,,,4,1,4,8,4,,,,,,,,,,4,,,,4,4,8,1,,,,,,
imo,282.381756581,ala,3,3,2,2,2,1,1,1,3,2,,1,3,1,1,6,5,,1,1,1,5,1,6,1,2,5,2,2,1,1,3,2,2,2,8,6,6,3,1,4,3,,3,2,1,5,3,1,,1,2,7,2,6,2,6,,1,,4,2,1,1,,,8,1,2,1,2,1,4,2,1,4,1,2,,,,1,1,1,5,1,1,,1,1,6,1,1,1,1,1,2,1,,,,,,2,6,2,,1,1,1,1,,2,2,5,2,2,3,,2,3,4,1,4,,4,2,3,2,,6,4,3,1,1,,4,4,,3,3,3,,,,,3,,,,,1,1,1,1,,,,,,1,,,,1,4,4,7,3,,,,,,,,,,3,,,,4,4,1,11,,,,,,
imo,303.098538584,yim,1,1,4,1,1,1,1,2,1,2,,1,2,1,2,8,1,1,3,1,,,,,1,2,5,2,4,1,1,2,5,2,3,2,6,4,,5,5,3,,3,3,1,2,6,1,,1,3,9,4,1,,6,1,1,1,,2,1,1,6,2,2,,3,,,,,2,1,4,1,2,1,2,1,1,1,1,5,1,,,1,1,6,1,1,3,2,,,,,,,,,,,,,1,,5,1,1,6,2,5,2,4,1,,2,3,4,3,4,3,4,1,2,5,,,4,3,1,1,,4,,1,3,2,1,,,,,3,,,,,3,2,1,2,,,,,,3,,,,2,4,4,20,,,,,,,,,,,20,,,,,,,,,,,,,
imo,381.35999875,asm,3,2,1,1,1,1,1,1,3,2,,1,2,1,7,8,6,2,1,1,1,5,1,3,1,4,5,2,2,1,1,3,1,1,1,2,,7,3,2,,3,,3,4,,4,6,1,,1,2,1,1,9,,,,,,4,1,1,2,,,,1,,2,2,1,3,2,4,,4,2,1,2,3,2,2,4,5,1,1,,1,1,,5,1,2,1,2,2,1,,,,,,2,2,2,2,,1,2,1,,2,2,5,4,3,,2,2,3,4,2,4,,2,2,3,2,,1,3,2,2,2,,,,,,,,,,,,,,,,,1,1,3,2,,,,,,2,,,,4,1,4,8,4,,,,,,,,,,4,,,,4,4,8,1,,,,,,
imo,406.020424204,kob,3,3,2,1,1,1,1,2,2,2,,1,2,1,6,8,1,5,1,1,,,,,4,4,5,2,2,,1,2,1,1,1,2,3,4,,4,1,3,,3,2,1,1,6,1,2,1,2,1,3,9,2,1,,1,,1,2,1,2,,,1,2,2,,,,,2,1,1,1,2,1,3,3,1,1,,,,1,,1,1,,1,1,2,2,2,7,5,,,,,2,2,2,2,,1,5,2,1,2,2,2,2,4,1,2,,2,3,4,8,5,1,3,1,1,7,1,1,3,2,2,2,3,4,4,4,3,1,2,,,,,5,,,,,1,1,1,1,,,,,,4,,,,4,2,4,20,,,,,,,,,,,6,,,,4,4,8,2,,,,,,
imo,431.782968188,mnm,,,,,,,,,,,,,,,1,4,3,1,,,,,,,,,,,3,1,,,,,,9,1,,,5,5,,,,2,,,,,,,,,,6,,,,,,2,,,,,,,2,,,,,,2,5,4,1,2,,,,,,,,,1,,1,1,,1,2,2,2,2,1,,1,,,,,2,6,2,,1,2,2,,,,2,,,,,,,,,,,1,2,2,,,,6,,3,1,2,,,,,,,,,,,,,,,,,,,,,,,,,,1,,,,1,4,4,7,3,,,,,,,,,,3,,,,4,4,1,11,,,,,,
imo,459.610572152,kew,3,2,3,1,1,1,1,3,3,,,1,1,2,1,7,6,5,1,1,1,1,3,4,2,2,2,2,2,,1,2,1,1,1,2,,4,,5,5,3,,3,,,1,6,1,,,2,6,2,6,,8,,1,,4,2,1,1,,,,,,2,2,1,3,2,1,1,4,2,,3,,3,2,1,5,1,1,,1,1,,1,1,1,1,2,7,3,,2,,,,,2,2,2,1,5,1,4,4,4,2,2,2,1,,1,2,3,4,1,4,,2,1,1,7,,1,,2,1,2,,,,,3,1,1,1,2,2,,,,,,,1,1,1,1,,,,,,3,,,,2,4,4,20,,,,,,,,,,,5,,,,4,4,2,11,,,,,,
imo,473.955462667,usa,1,2,2,2,1,1,1,1,3,2,,1,2,1,1,7,6,,1,1,,,,,1,1,1,2,,,1,2,1,1,1,,1,4,,2,,3,,3,,,1,6,,2,2,3,9,3,,,8,,,,,,,,,,,1,1,,,,,2,,,,2,1,2,3,1,1,1,5,3,1,,1,1,,1,1,2,2,2,,,,,,,,1,6,2,,1,,2,1,1,2,2,5,2,3,3,,2,3,4,1,4,,2,2,3,4,,6,3,2,2,2,,2,2,,,,,,,,,,,,,,2,2,1,1,,,,,,1,,,,1,4,4,7,3,,,,,,,,,,3,,,,4,4,1,11,,,,,,
imo,481.744582119,wah,2,2,3,1,1,1,1,2,,,,1,2,2,7,8,1,2,3,1,,,,,,,,,2,,,,,,,9,,,,4,1,,,,,,,,,,,,,,1,,,,,,2,,,,,,,,,,,,,2,,,,,,,,,,,,,1,,1,1,3,1,1,2,2,2,1,,1,,,,,,2,2,,1,2,2,,,,,,,,,,,,,,,,,,,,,1,,,,,,,,,,,,,,,,,,,,,,,,,,,,,,1,,,,1,4,4,21,,,,,,,,,,,14,,,,,,,11,,,,,,
