miy,152.680204032,fye,5,2,5,3,1,1,3,2,,,,1,2,2,,,,,1,1,,,,,,,,,3,,,,,,,1,6,,,1,1,,,,,,,,,,,,,,,,,,,,2,,,,,,,,,,,,,2,1,3,4,,,,,,,,,,2,,1,2,,2,2,2,2,2,1,,1,,,,,,2,2,1,4,4,4,,,,4,,,,2,,,,,,,,,2,,,,1,,,,,,4,,,,,,,,,,,,,,,,,,,,,,,,15,,2,,1,1,4,19,6,,15,,,5,3,8,7,2,,,,,,,,,,,,,,
miy,158.578477203,anc,1,3,4,4,2,1,3,2,,,,1,3,3,,,,,1,1,,,,,,,,,1,,,,,,,7,,,,,,,,,,,,,,,,,,,9,,,,,,2,,,,,,,,,,,,,5,,,,,,,,,,,,,2,,1,2,1,2,2,2,2,2,1,,1,,,,,,2,2,,4,4,4,,,,,,,,,2,,,,,,,,4,,,,1,,,,,,,,,,,,,,,,,,,,,,,,,,,,,,2,,,,4,1,4,4,6,,4,,,,4,8,7,1,,,,,,,,,,,,,,
miy,166.226141065,bir,3,3,3,4,2,1,1,2,,,,1,2,3,,,,,1,3,,,,,,,,,6,,,,,,,1,,,,1,1,,,,,,,,,,,,,,9,,,,,,,,,,,,,2,,,,,,1,5,,3,2,,,,,,,,,2,,1,2,1,2,2,2,2,2,1,,1,,,,,,2,2,1,4,4,4,,,,2,,,,,,,,,,,,,2,1,7,,1,5,,,,,,,,,,,,,,,,,,,,,,,,,,,,,2,,,,4,1,4,4,6,,4,,,,4,8,7,1,,,,,,,,,,,,,,
miy,182.018269903,mup,,,,,,,,,,,,,,,,,,,,,,,,,,,,,1,,,,,,,7,,,1,1,1,,,,,,6,1,,,1,3,,,9,2,4,,1,,4,,,,5,,,,2,,,,,5,4,,,,,,,,,4,5,2,2,,1,2,1,2,2,2,2,2,1,,1,,,,,3,2,2,1,4,4,4,,,2,1,3,1,1,1,,2,,,,,,,4,,,,1,4,,,,,,,1,,,,2,1,2,,,,,,,,,,,,,,,,15,,2,,1,1,4,19,6,,15,,,5,3,8,7,2,,,,,,,,,,,,,,
miy,188.095179295,ngz,4,2,5,4,2,1,3,4,3,,,1,2,2,,,,,1,1,,,,,,,,,2,,,,,,,2,,,,1,1,,,,2,2,,,,,,,,,9,,,,1,3,2,,,,1,2,,,,,,,,2,,,,,,,,,,,,,2,,1,2,1,2,2,2,2,2,1,,1,,,,,2,6,2,5,4,4,4,,,,4,,,,,,,,,,,,,2,,,,6,,2,1,1,,,,,,,,,1,1,3,,,,,,,,,,,,,,,2,,,,4,1,4,4,6,,4,,,,4,8,7,1,,,,,,,,,,,,,,
miy,208.00218198,per,,,,,,,,,,,,,,,,,,,,,,,,,,,,,4,,,,,,,9,3,,,3,4,,,,,,5,,1,,,,,,9,2,4,,,,2,,,,,,,,2,,,,,4,,,,,,,,,,,,,2,,1,2,,2,2,2,,2,1,,1,,,,,,2,2,5,4,4,4,,,,,,,,1,,,,,,,,,6,,,,1,,,,,,4,4,3,3,1,1,1,1,2,,,,,,,,,,,,,,,,14,1,,,1,1,4,18,,,14,,1,,4,5,7,3,,,,,,,,,,,,,,
miy,236.710191904,ter,5,2,5,4,2,1,3,4,,,,1,2,3,,,,,1,1,2,5,1,,,,,,2,,,,,,,8,,,,,,,,,,,,,,,,,,,9,1,,,,,2,2,1,2,,,,2,,,,,,5,1,3,,,,,,,,,,,2,,1,2,1,2,2,2,2,2,1,,1,,,,,,2,2,1,4,4,4,,,,,,,,,,,,,,,,,2,3,3,,1,4,,,,,,,,,,,,,,,,,,,,,,,,,,,,2,15,,2,,1,1,4,19,6,,15,,,2,4,5,7,2,,,,,,,,,,,,,,
miy,274.747831705,knk,4,2,3,2,2,1,3,4,,,,1,2,2,,,,,1,1,,,,,,,,,2,,,,,,,2,,,,3,,,,,,,,,,,,,,,9,,,,,,4,2,1,2,,,,,,1,1,1,4,2,,,,,,,,,,,,,2,,1,2,1,2,2,3,2,2,1,,1,,,,,,2,2,1,4,4,5,,,,,,,,,,,,,,,,,6,,,,1,,2,1,1,,,,,,,,,,,,,,,,,,,,,,,,,,14,1,,,1,1,4,18,,,14,,1,,4,5,7,3,,,,,,,,,,,,,,
miy,305.605700232,mum,3,2,3,4,2,1,3,2,,,,1,2,3,,,,,1,3,,,,,,,,,1,,,,,,,7,,,,1,2,,,,,,,6,,,,2,,,9,,,,,,4,,,,,,,,,,,,,3,5,1,3,,,,,,,,,,2,,1,2,,2,3,2,2,2,1,,1,,,,,,2,2,,4,4,4,,,1,4,1,1,1,,,2,,,,,,,2,,,,1,,,,,,,,,,,,,1,2,,,,,,,,,,,,,,,,15,,2,,1,1,4,19,6,,15,,,2,4,5,7,2,,,,,,,,,,,,,,
miy,314.581682735,hau,4,2,4,4,3,1,5,2,3,2,,1,2,2,,,,,1,1,2,5,1,4,3,2,5,2,1,1,4,1,2,2,3,2,6,5,3,1,1,3,,1,4,1,1,1,1,2,,3,1,1,9,1,6,2,1,,2,2,1,1,,,7,2,2,2,4,2,4,5,2,4,3,2,2,1,2,1,1,4,5,1,2,,1,2,1,2,2,1,6,2,1,,1,,,,,2,2,3,1,4,4,3,1,1,1,4,1,1,1,3,2,1,3,4,3,2,1,2,2,3,3,1,1,4,2,1,1,2,4,3,2,3,2,1,,1,2,,1,,,,,1,1,1,1,1,,,,2,15,,1,,1,1,4,19,3,,15,,,1,4,3,7,3,,,,,,,,,,,,,,
miy,319.145353973,fni,,,,,,,,,,,,,,,,,,,,,,,,,,,,,3,,,,,,,,,,1,1,,,,,,,,2,,,,2,1,1,7,2,6,,,,2,2,1,2,,,7,2,,,,,,2,,,1,,1,2,2,,,,,,2,,1,2,,2,,2,,2,1,,1,,,,,,,1,1,4,4,4,,,2,,5,2,3,,,1,,,,,,,1,,,,,3,1,1,2,,,,,3,2,1,,,,,,,,,,2,2,1,2,,,,,,4,,,,4,2,4,20,,,6,,,,4,8,2,4,,,,,,,,,,,,,,
miy,331.61961465,gwa,3,2,3,4,2,1,3,2,,,,1,3,3,,,,,1,3,,,,,,,,,,,,,,,,,,,,1,1,,,,,,,,,,,,,,,,,,,,,,,,,,,,,,,,,,5,1,2,2,,,,,,,,,7,1,1,3,6,4,1,2,2,2,1,,1,,,,,,2,2,1,5,5,5,,,,1,,,,,,,,,,,,,6,,,,1,,,,,,,,,,,,,,,,,,,,,,,,,,,,,,14,1,,,1,1,4,18,,,14,,19,,4,5,7,3,16,,12,,4,3,8,5,,,,,,
miy,364.007280825,mrg,4,1,5,4,2,1,3,4,,,,1,,2,,,,,1,1,,5,1,,,,,,3,,,,,,,8,,,1,1,4,,,,2,2,1,,,2,,,,,9,2,,2,1,3,2,2,1,2,6,2,,2,,1,4,1,3,4,1,,1,,,,,,,,,,2,,1,2,,2,2,2,2,2,1,,1,,,,,2,2,2,1,4,4,4,,,,,,,,,,,,,,,,,2,,,,1,4,3,1,2,2,,,,,,,,,,,,,,,,,,,,,,,,,2,,,,4,1,4,4,6,,4,,,,4,8,7,1,,,,,,,,,,,,,,
miy,382.70700025,knr,4,3,3,4,2,1,1,2,1,2,,1,2,2,,,,,1,1,,,,,3,2,5,2,2,1,1,3,1,1,1,2,6,5,1,1,1,3,,3,2,,1,6,1,,,2,6,4,6,2,5,,1,3,2,2,1,1,4,2,6,2,2,1,1,1,3,2,1,4,4,2,2,3,3,1,1,1,2,1,1,,1,1,4,1,2,2,2,2,1,,1,,,,,2,6,1,5,1,2,2,2,2,2,2,5,2,4,1,,1,3,4,3,2,1,2,1,3,3,1,2,4,3,1,2,1,,,,3,1,1,1,1,2,,1,,,,,1,1,3,2,2,,,,,4,,,,4,2,4,20,,,,,,,,,,,6,,,,4,4,8,2,,,,,,
miy,413.526373443,gud,,,,,,,,,,,,,,,,,,,,,,,,,,,,,2,,,,,,,2,,,3,3,,,,,,,,3,,,,2,,,9,,,,,,2,,,,,,,,,,,,,2,,,,,,,,,,,,,3,,2,2,1,2,2,1,4,2,1,,1,,,,,,2,1,1,4,4,3,,,1,1,1,1,1,,,2,,,,,,,2,,,,1,,3,1,2,,,,,,,,,,,,,,,,,,,,,,,,,,1,,,,1,4,4,1,1,1,8,,,,1,8,7,4,,,,,,,,,,,,,,
miy,450.261152991,doy,3,3,3,4,2,1,3,2,,1,5,1,3,3,,,,,1,3,,,,,,,,,2,,,,,,,2,5,,,2,4,,,,,,,6,,2,,2,,,9,,,,,,2,,,,,,,,2,,,,,3,,,,,,,,,,,,,2,,1,2,,4,1,2,,2,1,,1,,,,,,2,2,,5,4,4,,,2,6,5,4,2,2,,1,,,,,,2,6,,,,1,,,,,,,,,,,,,,,,,,,,,,,,,,,,,,16,16,,4,1,3,1,18,3,,14,,16,,4,5,6,3,,,,,,,,,,,,,,
