kiw,170.796818324,kew,3,2,3,1,1,1,1,3,3,,,1,1,2,1,7,6,5,1,1,1,1,3,4,2,2,2,2,2,,1,2,1,1,1,2,,4,,5,5,3,,3,,,1,6,1,,,2,6,2,6,,8,,1,,4,2,1,1,,,,,,2,2,1,3,2,1,1,4,2,,3,,3,2,1,5,1,1,,1,1,,1,1,1,1,2,7,3,,2,,,,,2,2,2,1,5,1,4,4,4,2,2,2,1,,1,2,3,4,1,4,,2,1,1,7,,1,,2,1,2,,,,,3,1,1,1,2,2,,,,,,,1,1,1,1,,,,,,3,,,,2,4,4,20,,,,,,,,,,,5,,,,4,4,2,11,,,,,,
kiw,255.059270342,syu,,,,,,,,,,,,,,,,,,,,,,,,,4,4,5,2,2,,,,,,,9,1,,,,,,,,,,,6,,,,2,,,9,2,,,1,,2,2,1,3,,,,,2,,,,,2,,,,,,,,,,,,,1,,1,1,,1,,2,,,,,,,,,,2,6,2,,1,,2,,,2,,2,2,1,2,,2,,,,,,,1,,,,2,,,,,,,,2,,,,,,,,,,,,,2,2,1,1,,,,,,4,,,,4,2,4,20,,,,,,,,,,,6,,,,4,4,8,2,,,,,,
kiw,274.323260083,hua,,,,,,,,,,,,,,,,,,,,,,,,,3,3,3,2,3,,,,,,,,,,,,,,,,3,,,6,,,,2,7,4,1,2,,,1,,3,2,1,3,,,8,,,,,,,2,,,,,,,,,,,,,1,,1,1,,1,1,1,1,1,2,1,,,,,,,6,2,,1,1,1,,,2,2,5,2,3,,,2,,,,,,,1,,,,2,,,,,,,,,,,,,,,,,,,,,1,1,1,1,,,,,,3,,,,2,4,4,20,,,,,,,,,,,5,,,,4,4,2,11,,,,,,
kiw,275.823322977,wah,2,2,3,1,1,1,1,2,,,,1,2,2,7,8,1,2,3,1,,,,,,,,,2,,,,,,,9,,,,4,1,,,,,,,,,,,,,,1,,,,,,2,,,,,,,,,,,,,2,,,,,,,,,,,,,1,,1,1,3,1,1,2,2,2,1,,1,,,,,,2,2,,1,2,2,,,,,,,,,,,,,,,,,,,,,1,,,,,,,,,,,,,,,,,,,,,,,,,,,,,,1,,,,1,4,4,21,,,,,,,,,,,14,,,,,,,11,,,,,,
kiw,281.170179369,ygr,1,2,3,2,2,1,3,3,,,,1,3,2,,,,,1,1,,,,,,,,,4,,,,,,,8,,,,4,2,,,,3,2,,,,,,,,,6,,,,,,3,,,,,,,,,1,4,1,3,4,,,,,,,,,,,,,1,,1,1,3,1,1,1,,2,2,1,,,,,4,,2,2,5,1,1,1,,,,2,,,,,,,,,,,,,1,,,,1,,2,2,2,,4,,,,,,,1,1,3,,,,,,,,,,,,,,,3,,,,2,4,4,20,,,,,,,,,,,5,,,,4,4,2,11,,,,,,
kiw,308.050126583,ham,1,3,1,1,1,2,2,1,1,,,1,3,2,,,,,1,1,,,,,,,,,4,1,1,2,,,,,,4,,,,3,,3,,,,2,,,,1,8,6,,,,,,,1,,,,,,,,2,,,,,4,1,1,1,2,1,2,3,2,4,,,,1,,1,1,,1,,2,2,2,,,,,,,,1,2,2,,1,,2,1,1,2,2,5,2,2,,,2,,,,,,,1,2,1,,1,,,,,,,,,3,3,3,,,,,,,,,,,,,,,,,,,3,,,,2,4,4,20,,,,,,,,,,,5,,,,4,4,2,11,,,,,,
kiw,321.793612199,tau,,,,,,,,,,,,,,,,,,,,,,,,,3,2,5,2,3,,,,,,,9,4,,,4,1,,,,2,3,1,6,,,,1,,,6,2,1,,,,1,2,1,2,,,,,2,,,,,2,1,2,,,,,,1,1,,,,1,,1,1,,1,1,2,1,2,7,2,2,,,,,,2,2,5,1,5,2,,,2,2,5,2,3,3,,2,3,4,,,,,2,1,7,,1,,,,,,,,1,,,,,,,,,,,,,1,1,1,1,,,,,,1,,,,1,4,4,7,3,,,,,,,,,,3,,,,4,4,1,11,,,,,,
kiw,328.221900698,kob,3,3,2,1,1,1,1,2,2,2,,1,2,1,6,8,1,5,1,1,,,,,4,4,5,2,2,,1,2,1,1,1,2,3,4,,4,1,3,,3,2,1,1,6,1,2,1,2,1,3,9,2,1,,1,,1,2,1,2,,,1,2,2,,,,,2,1,1,1,2,1,3,3,1,1,,,,1,,1,1,,1,1,2,2,2,7,5,,,,,2,2,2,2,,1,5,2,1,2,2,2,2,4,1,2,,2,3,4,8,5,1,3,1,1,7,1,1,3,2,2,2,3,4,4,4,3,1,2,,,,,5,,,,,1,1,1,1,,,,,,4,,,,4,2,4,20,,,,,,,,,,,6,,,,4,4,8,2,,,,,,
kiw,360.450430894,adz,4,1,4,2,2,1,1,1,,,,1,,,,,,,1,1,,,,,,,,,,,,,,,,,,,,,,,,,,,,6,,,,2,,,,,,,,,,,,,,,,,,,,,,,,,,,,,,,,,,,2,,1,2,1,2,1,2,2,2,1,,1,,,,,,6,2,,4,4,4,,,1,,1,1,1,,,2,,,,,,,1,,,,6,,,,,,,,,,,,,,,,,,,,,,,,,,,,,,15,,5,,2,1,4,19,6,,15,,,9,4,4,7,3,,,,,,,,,,,,,,
kiw,367.583610506,mrd,2,2,3,4,2,1,1,3,,,,1,2,1,7,8,1,2,1,1,,,,,,,,,,,1,2,4,2,2,,,8,3,,,2,,3,,,,3,,,,2,1,1,,2,1,,,,1,,,,,,,1,,,,,,1,1,2,4,1,1,3,3,2,4,,,,1,,1,1,,1,1,,,3,,,,,,,,,2,,,1,,,1,1,2,,5,2,2,,,2,,,,,,,2,,,,3,,2,2,1,,,,,,,,,,,,,,,,,,,,,,,,,,1,,,,1,4,4,21,,,,,,,,,,,14,,,,,,,11,,,,,,
kiw,370.690931822,yim,1,1,4,1,1,1,1,2,1,2,,1,2,1,2,8,1,1,3,1,,,,,1,2,5,2,4,1,1,2,5,2,3,2,6,4,,5,5,3,,3,3,1,2,6,1,,1,3,9,4,1,,6,1,1,1,,2,1,1,6,2,2,,3,,,,,2,1,4,1,2,1,2,1,1,1,1,5,1,,,1,1,6,1,1,3,2,,,,,,,,,,,,,1,,5,1,1,6,2,5,2,4,1,,2,3,4,3,4,3,4,1,2,5,,,4,3,1,1,,4,,1,3,2,1,,,,,3,,,,,3,2,1,2,,,,,,3,,,,2,4,4,20,,,,,,,,,,,20,,,,,,,,,,,,,
kiw,371.107013769,ala,3,3,2,2,2,1,1,1,3,2,,1,3,1,1,6,5,,1,1,1,5,1,6,1,2,5,2,2,1,1,3,2,2,2,8,6,6,3,1,4,3,,3,2,1,5,3,1,,1,2,7,2,6,2,6,,1,,4,2,1,1,,,8,1,2,1,2,1,4,2,1,4,1,2,,,,1,1,1,5,1,1,,1,1,6,1,1,1,1,1,2,1,,,,,,2,6,2,,1,1,1,1,,2,2,5,2,2,3,,2,3,4,1,4,,4,2,3,2,,6,4,3,1,1,,4,4,,3,3,3,,,,,3,,,,,1,1,1,1,,,,,,1,,,,1,4,4,7,3,,,,,,,,,,3,,,,4,4,1,11,,,,,,
kiw,382.68094399,ame,5,2,3,2,3,1,1,2,3,2,,1,2,1,1,5,3,5,1,3,1,5,1,4,1,2,5,2,2,1,1,2,1,1,1,6,3,5,4,4,1,3,,3,3,1,1,6,1,2,1,2,1,1,9,2,5,1,1,2,2,2,1,4,4,2,2,2,2,2,2,1,2,2,5,4,1,2,3,3,3,1,1,4,5,2,1,,1,1,3,1,1,2,2,2,1,,1,,,,,2,2,2,2,1,2,2,1,1,2,,5,2,3,1,1,2,3,4,1,4,1,2,2,3,3,,1,4,2,1,2,2,2,2,2,2,3,1,1,,,,,,,,,1,1,1,1,,,,,2,15,,18,,1,2,4,19,,,,,,,,,,,17,,,14,4,2,3,4,,,,,,
kiw,397.358680673,usa,1,2,2,2,1,1,1,1,3,2,,1,2,1,1,7,6,,1,1,,,,,1,1,1,2,,,1,2,1,1,1,,1,4,,2,,3,,3,,,1,6,,2,2,3,9,3,,,8,,,,,,,,,,,1,1,,,,,2,,,,2,1,2,3,1,1,1,5,3,1,,1,1,,1,1,2,2,2,,,,,,,,1,6,2,,1,,2,1,1,2,2,5,2,3,3,,2,3,4,1,4,,2,2,3,4,,6,3,2,2,2,,2,2,,,,,,,,,,,,,,2,2,1,1,,,,,,1,,,,1,4,4,7,3,,,,,,,,,,3,,,,4,4,1,11,,,,,,
kiw,434.235943406,kwo,3,3,3,3,1,1,1,1,3,,,1,2,,,,,,1,1,,,,,,,,,2,,,,,,,7,,,,1,4,,,,,,,,,,,,,,6,,,,,,4,,,,,,,,,,,,,2,,,,,,,,,,,,,1,,1,1,4,1,1,1,1,1,2,1,,,,,,2,3,2,4,1,1,1,,,,,,,,,,,,,,,,,1,,,,1,,,,,,,,,,,,,,,,,,,,,,,,,,,,,,15,,4,,1,2,4,19,,,,,,,,,,,17,,,15,,,,4,,,,,,
kiw,446.955655165,sue,5,2,2,2,2,1,1,1,3,2,,1,1,2,,,,,1,1,,,,,4,2,5,2,2,,2,2,1,1,1,,2,7,,,,5,,5,,,,6,2,,1,2,4,3,1,,,,1,,4,2,1,1,,,,,1,2,2,1,4,2,1,,4,2,2,,,2,4,1,5,1,1,,1,1,,1,1,2,2,2,,,,,,,,,6,2,1,1,,2,4,1,2,5,2,2,1,1,,2,3,4,8,5,,,,3,1,,2,,,,,,,,1,,,,,,,,,,,,,,,,,,,,,,1,,,,1,4,4,21,,,,,,,,,,,14,,,,,,,11,,,,,,
kiw,451.378901742,uhi,,,,,,,,,,,,,,,3,8,1,,,,,,,,2,2,2,2,2,1,,,1,1,1,,,5,,,,,2,,,,,6,,,,1,,,1,2,,,1,,4,2,1,2,,,,,,,,,,2,,,,,,,,1,1,,,,1,,1,1,,,1,2,1,,,,,,,,,,,2,,,,2,,,1,1,1,1,1,,,2,,,,,,2,,,,,,,2,1,2,,,,,,,,,2,2,,,,,,,1,1,1,1,,,,,,,,,,,,,,,,,,,,,,,,,,,,,,,,,,,,,
kiw,470.671692611,kmb,,,,,,,,,,,,,,,,,,,,,,,,,4,2,5,2,2,,,,,,,,1,,,5,5,,,,,,,,1,,,,1,1,9,,,1,1,,1,,,,4,,,,2,,,,,2,,,,,,,,,,,,,1,,1,1,,1,1,2,2,2,6,,,,,,1,,2,2,2,1,5,2,,,,2,,,,4,,,,,,,,,1,,,,1,,,,,,,,,,,,,,,,,,,,,1,2,1,1,,,,,,15,,8,,2,2,4,19,,,,,,,,,,,17,,,7,4,4,6,4,,,,,,
kiw,474.692701319,mnm,,,,,,,,,,,,,,,1,4,3,1,,,,,,,,,,,3,1,,,,,,9,1,,,5,5,,,,2,,,,,,,,,,6,,,,,,2,,,,,,,2,,,,,,2,5,4,1,2,,,,,,,,,1,,1,1,,1,2,2,2,2,1,,1,,,,,2,6,2,,1,2,2,,,,2,,,,,,,,,,,1,2,2,,,,6,,3,1,2,,,,,,,,,,,,,,,,,,,,,,,,,,1,,,,1,4,4,7,3,,,,,,,,,,3,,,,4,4,1,11,,,,,,
kiw,477.283075778,wsk,,,,,,,,,,,,,,,,,,,,,,,,,3,1,5,2,2,1,,,,,,,,,,1,1,,,,,,,6,,,,4,,,9,2,,,,,1,2,1,2,,,,2,,,,,,2,,,,,,,,,,,,,1,,1,1,,1,1,2,2,2,,,,,,,,2,,2,,1,,2,,,2,,2,2,1,,,2,,,,,,,2,,,,1,4,2,1,2,,,,,,,,,,,,6,,,,,3,2,1,2,,,,,,1,,,,1,4,4,7,3,,,,,,,,,,3,,,,4,4,1,11,,,,,,
