mup,18.5324877778,bir,3,3,3,4,2,1,1,2,,,,1,2,3,,,,,1,3,,,,,,,,,6,,,,,,,1,,,,1,1,,,,,,,,,,,,,,9,,,,,,,,,,,,,2,,,,,,1,5,,3,2,,,,,,,,,2,,1,2,1,2,2,2,2,2,1,,1,,,,,,2,2,1,4,4,4,,,,2,,,,,,,,,,,,,2,1,7,,1,5,,,,,,,,,,,,,,,,,,,,,,,,,,,,,2,,,,4,1,4,4,6,,4,,,,4,8,7,1,,,,,,,,,,,,,,
mup,55.6057870349,fye,5,2,5,3,1,1,3,2,,,,1,2,2,,,,,1,1,,,,,,,,,3,,,,,,,1,6,,,1,1,,,,,,,,,,,,,,,,,,,,2,,,,,,,,,,,,,2,1,3,4,,,,,,,,,,2,,1,2,,2,2,2,2,2,1,,1,,,,,,2,2,1,4,4,4,,,,4,,,,2,,,,,,,,,2,,,,1,,,,,,4,,,,,,,,,,,,,,,,,,,,,,,,15,,2,,1,1,4,19,6,,15,,,5,3,8,7,2,,,,,,,,,,,,,,
mup,73.1132921774,anc,1,3,4,4,2,1,3,2,,,,1,3,3,,,,,1,1,,,,,,,,,1,,,,,,,7,,,,,,,,,,,,,,,,,,,9,,,,,,2,,,,,,,,,,,,,5,,,,,,,,,,,,,2,,1,2,1,2,2,2,2,2,1,,1,,,,,,2,2,,4,4,4,,,,,,,,,2,,,,,,,,4,,,,1,,,,,,,,,,,,,,,,,,,,,,,,,,,,,,2,,,,4,1,4,4,6,,4,,,,4,8,7,1,,,,,,,,,,,,,,
mup,182.018269903,miy,,,,,,,,,,,,,,,,,,,,,,,,,,,,,2,1,,,2,2,3,2,6,,,1,1,,,,2,1,1,,,,1,,,,9,,,,1,,2,,,,6,,,,2,,,,,5,1,4,4,,,,,,,,,,7,4,3,2,1,2,2,2,1,2,1,,1,,,,,,2,3,1,4,4,4,,,,4,,,,2,,,,,,,,,6,3,3,1,1,,,,,,4,3,3,3,1,1,1,,,,,,,,,,,,,,,,,,14,14,,,1,1,4,18,,,14,,21,,4,5,5,3,,,,,,,,,22,7,5,2,3,
mup,201.061350694,gwa,3,2,3,4,2,1,3,2,,,,1,3,3,,,,,1,3,,,,,,,,,,,,,,,,,,,,1,1,,,,,,,,,,,,,,,,,,,,,,,,,,,,,,,,,,5,1,2,2,,,,,,,,,7,1,1,3,6,4,1,2,2,2,1,,1,,,,,,2,2,1,5,5,5,,,,1,,,,,,,,,,,,,6,,,,1,,,,,,,,,,,,,,,,,,,,,,,,,,,,,,14,1,,,1,1,4,18,,,14,,19,,4,5,7,3,16,,12,,4,3,8,5,,,,,,
mup,235.615654629,fni,,,,,,,,,,,,,,,,,,,,,,,,,,,,,3,,,,,,,,,,1,1,,,,,,,,2,,,,2,1,1,7,2,6,,,,2,2,1,2,,,7,2,,,,,,2,,,1,,1,2,2,,,,,,2,,1,2,,2,,2,,2,1,,1,,,,,,,1,1,4,4,4,,,2,,5,2,3,,,1,,,,,,,1,,,,,3,1,1,2,,,,,3,2,1,,,,,,,,,,2,2,1,2,,,,,,4,,,,4,2,4,20,,,6,,,,4,8,2,4,,,,,,,,,,,,,,
mup,237.769473078,per,,,,,,,,,,,,,,,,,,,,,,,,,,,,,4,,,,,,,9,3,,,3,4,,,,,,5,,1,,,,,,9,2,4,,,,2,,,,,,,,2,,,,,4,,,,,,,,,,,,,2,,1,2,,2,2,2,,2,1,,1,,,,,,2,2,5,4,4,4,,,,,,,,1,,,,,,,,,6,,,,1,,,,,,4,4,3,3,1,1,1,1,2,,,,,,,,,,,,,,,,14,1,,,1,1,4,18,,,14,,1,,4,5,7,3,,,,,,,,,,,,,,
mup,315.88480344,mum,3,2,3,4,2,1,3,2,,,,1,2,3,,,,,1,3,,,,,,,,,1,,,,,,,7,,,,1,2,,,,,,,6,,,,2,,,9,,,,,,4,,,,,,,,,,,,,3,5,1,3,,,,,,,,,,2,,1,2,,2,3,2,2,2,1,,1,,,,,,2,2,,4,4,4,,,1,4,1,1,1,,,2,,,,,,,2,,,,1,,,,,,,,,,,,,1,2,,,,,,,,,,,,,,,,15,,2,,1,1,4,19,6,,15,,,2,4,5,7,2,,,,,,,,,,,,,,
mup,342.610208137,hau,4,2,4,4,3,1,5,2,3,2,,1,2,2,,,,,1,1,2,5,1,4,3,2,5,2,1,1,4,1,2,2,3,2,6,5,3,1,1,3,,1,4,1,1,1,1,2,,3,1,1,9,1,6,2,1,,2,2,1,1,,,7,2,2,2,4,2,4,5,2,4,3,2,2,1,2,1,1,4,5,1,2,,1,2,1,2,2,1,6,2,1,,1,,,,,2,2,3,1,4,4,3,1,1,1,4,1,1,1,3,2,1,3,4,3,2,1,2,2,3,3,1,1,4,2,1,1,2,4,3,2,3,2,1,,1,2,,1,,,,,1,1,1,1,1,,,,2,15,,1,,1,1,4,19,3,,15,,,1,4,3,7,3,,,,,,,,,,,,,,
mup,351.454256309,knk,4,2,3,2,2,1,3,4,,,,1,2,2,,,,,1,1,,,,,,,,,2,,,,,,,2,,,,3,,,,,,,,,,,,,,,9,,,,,,4,2,1,2,,,,,,1,1,1,4,2,,,,,,,,,,,,,2,,1,2,1,2,2,3,2,2,1,,1,,,,,,2,2,1,4,4,5,,,,,,,,,,,,,,,,,6,,,,1,,2,1,1,,,,,,,,,,,,,,,,,,,,,,,,,,14,1,,,1,1,4,18,,,14,,1,,4,5,7,3,,,,,,,,,,,,,,
mup,366.453055174,ngz,4,2,5,4,2,1,3,4,3,,,1,2,2,,,,,1,1,,,,,,,,,2,,,,,,,2,,,,1,1,,,,2,2,,,,,,,,,9,,,,1,3,2,,,,1,2,,,,,,,,2,,,,,,,,,,,,,2,,1,2,1,2,2,2,2,2,1,,1,,,,,2,6,2,5,4,4,4,,,,4,,,,,,,,,,,,,2,,,,6,,2,1,1,,,,,,,,,1,1,3,,,,,,,,,,,,,,,2,,,,4,1,4,4,6,,4,,,,4,8,7,1,,,,,,,,,,,,,,
mup,368.194848886,ter,5,2,5,4,2,1,3,4,,,,1,2,3,,,,,1,1,2,5,1,,,,,,2,,,,,,,8,,,,,,,,,,,,,,,,,,,9,1,,,,,2,2,1,2,,,,2,,,,,,5,1,3,,,,,,,,,,,2,,1,2,1,2,2,2,2,2,1,,1,,,,,,2,2,1,4,4,4,,,,,,,,,,,,,,,,,2,3,3,,1,4,,,,,,,,,,,,,,,,,,,,,,,,,,,,2,15,,2,,1,1,4,19,6,,15,,,2,4,5,7,2,,,,,,,,,,,,,,
mup,393.290133159,non,3,3,2,2,3,1,1,2,,,,1,3,3,,,,,1,1,,,,,,,,,4,,,,,,,1,,,,5,5,,,,,,,,,,,,,,2,,,,,,4,,,,,,,,,,,,,2,,,,,,,,,,,,,2,,1,2,1,4,2,2,2,2,1,,1,,,,,,2,2,1,5,4,4,,,,1,,,,,,,,,,,,,6,,,,1,,,,,,,,,,,,,,,,,,,,,,,,,,,,,,16,16,,3,1,1,4,18,,,14,,15,,3,5,7,3,,,,,,,,,,,,,,
mup,414.667004307,bab,,,,,,,,,,,,,,,,,,,,,,,,,,,,,,,,,5,3,3,,6,,,1,4,,,,,1,5,2,1,2,,2,,,9,,,,,,,,,,,,,2,2,,,,,,1,4,,,2,3,3,,,,,,2,,1,2,,2,,2,2,2,1,,1,,,,,1,2,,,4,4,4,,,1,1,1,1,1,4,,2,,,,,1,2,6,,,1,1,5,3,2,1,,3,3,1,,,,,2,2,,,,,,,,,,,,,,,,14,1,,,1,1,4,18,,,14,,1,,4,5,7,3,,,,,,,,,,,,,,
mup,422.809212469,igb,5,3,3,4,2,1,1,2,1,2,,1,1,2,,,,,1,3,,,,,,,,,,1,1,1,1,1,1,6,,4,,,,3,,1,,,,6,1,,,2,1,1,,,6,,1,,4,,,,,,,1,,,,,,2,1,1,4,2,2,1,2,1,1,4,5,1,2,,1,2,1,2,2,2,2,2,1,,1,,,,,,6,2,1,4,4,4,3,3,1,4,1,1,1,2,,2,3,4,3,4,1,2,,2,3,,6,5,3,1,1,2,,,,3,3,3,1,1,2,,3,,,,,,,,,,,,,2,,,,,,,,,,,,,,,,,,,,,,,,,,,,,,,,
mup,475.756215552,doy,3,3,3,4,2,1,3,2,,1,5,1,3,3,,,,,1,3,,,,,,,,,2,,,,,,,2,5,,,2,4,,,,,,,6,,2,,2,,,9,,,,,,2,,,,,,,,2,,,,,3,,,,,,,,,,,,,2,,1,2,,4,1,2,,2,1,,1,,,,,,2,2,,5,4,4,,,2,6,5,4,2,2,,1,,,,,,2,6,,,,1,,,,,,,,,,,,,,,,,,,,,,,,,,,,,,16,16,,4,1,3,1,18,3,,14,,16,,4,5,6,3,,,,,,,,,,,,,,
mup,485.453431127,mrg,4,1,5,4,2,1,3,4,,,,1,,2,,,,,1,1,,5,1,,,,,,3,,,,,,,8,,,1,1,4,,,,2,2,1,,,2,,,,,9,2,,2,1,3,2,2,1,2,6,2,,2,,1,4,1,3,4,1,,1,,,,,,,,,,2,,1,2,,2,2,2,2,2,1,,1,,,,,2,2,2,1,4,4,4,,,,,,,,,,,,,,,,,2,,,,1,4,3,1,2,2,,,,,,,,,,,,,,,,,,,,,,,,,2,,,,4,1,4,4,6,,4,,,,4,8,7,1,,,,,,,,,,,,,,
