awt,96.5807364524,imo,1,3,1,1,1,1,1,2,3,2,,1,3,1,,,,,1,1,1,1,1,6,3,3,3,2,,,4,1,1,1,1,9,1,2,,5,5,4,,1,2,1,1,6,1,,1,2,5,2,6,2,1,1,1,2,4,2,1,2,6,4,8,,2,1,1,1,3,2,4,4,4,2,1,2,3,1,1,4,5,2,,,1,1,,1,1,2,6,2,7,3,,2,,,,3,,,,1,5,2,6,6,1,5,1,1,1,1,4,2,3,4,3,4,,,2,3,4,,1,,2,1,2,,4,4,1,,1,1,,,,,6,,,,,1,1,1,1,,,,,,1,,,,1,4,4,21,,,,,,,,,,,18,,,,,,,,,,,,,
awt,105.500716938,kwo,3,3,3,3,1,1,1,1,3,,,1,2,,,,,,1,1,,,,,,,,,2,,,,,,,7,,,,1,4,,,,,,,,,,,,,,6,,,,,,4,,,,,,,,,,,,,2,,,,,,,,,,,,,1,,1,1,4,1,1,1,1,1,2,1,,,,,,2,3,2,4,1,1,1,,,,,,,,,,,,,,,,,1,,,,1,,,,,,,,,,,,,,,,,,,,,,,,,,,,,,15,,4,,1,2,4,19,,,,,,,,,,,17,,,15,,,,4,,,,,,
awt,126.709821042,dum,1,3,1,2,1,1,1,2,,,,1,,3,,,,,1,1,,,,,4,1,5,2,,,,,,,,,,,,,,,,,,,,1,,,,2,,,9,,,,1,,,2,1,2,,,,,,,,,,,,,,,,,,,,,,,1,,1,1,5,,1,2,2,2,,,,,,,,,2,2,,,,2,,,2,1,2,2,1,,,2,,,,,,,2,1,7,,1,,,,,,,,,,,,,,,,,,,,,1,1,2,2,,,,,,2,,,,4,1,4,8,4,,,,,,,,,,4,,,,4,4,8,1,,,,,,
awt,130.130191697,arp,2,3,2,2,2,1,1,2,3,2,,1,2,1,6,8,1,,1,1,1,5,1,3,1,2,5,2,5,1,1,3,5,2,3,2,,5,2,,1,3,,3,2,1,4,2,1,,,1,1,1,9,2,1,,,,,2,1,1,,,8,,,2,4,1,4,1,1,2,4,2,,,,1,1,4,5,1,2,,1,2,,2,3,1,1,1,,,,,,,,,2,2,5,4,,3,1,1,4,2,5,2,2,,1,2,3,4,3,2,,,2,3,2,,1,,3,1,2,3,4,,,1,,,1,,,,,,,,,1,1,1,1,,,,,,15,,1,,1,1,4,19,3,,15,,,1,4,3,7,3,,,,,,,,,,,,,,
awt,190.728836363,ala,3,3,2,2,2,1,1,1,3,2,,1,3,1,1,6,5,,1,1,1,5,1,6,1,2,5,2,2,1,1,3,2,2,2,8,6,6,3,1,4,3,,3,2,1,5,3,1,,1,2,7,2,6,2,6,,1,,4,2,1,1,,,8,1,2,1,2,1,4,2,1,4,1,2,,,,1,1,1,5,1,1,,1,1,6,1,1,1,1,1,2,1,,,,,,2,6,2,,1,1,1,1,,2,2,5,2,2,3,,2,3,4,1,4,,4,2,3,2,,6,4,3,1,1,,4,4,,3,3,3,,,,,3,,,,,1,1,1,1,,,,,,1,,,,1,4,4,7,3,,,,,,,,,,3,,,,4,4,1,11,,,,,,
awt,192.630133349,snt,1,3,1,2,1,1,1,1,3,,,1,,,1,3,3,1,1,1,,,,,,,,,2,,1,2,1,1,1,9,,4,,,,3,,3,,,2,6,1,,,2,1,1,9,,,,1,,4,2,1,3,,,,,2,,,,,2,1,2,1,2,,3,,1,1,4,5,1,1,,1,1,,1,1,2,1,2,,,,,,,,2,,2,,1,,2,,,2,,5,2,2,,,2,,,,,,,1,2,1,,,,2,1,2,,,,,,,,,,,,,,,,,1,1,1,1,,,,,,3,,,,2,4,4,20,,,,,,,,,,,5,,,,4,4,2,11,,,,,,
awt,209.908420273,yim,1,1,4,1,1,1,1,2,1,2,,1,2,1,2,8,1,1,3,1,,,,,1,2,5,2,4,1,1,2,5,2,3,2,6,4,,5,5,3,,3,3,1,2,6,1,,1,3,9,4,1,,6,1,1,1,,2,1,1,6,2,2,,3,,,,,2,1,4,1,2,1,2,1,1,1,1,5,1,,,1,1,6,1,1,3,2,,,,,,,,,,,,,1,,5,1,1,6,2,5,2,4,1,,2,3,4,3,4,3,4,1,2,5,,,4,3,1,1,,4,,1,3,2,1,,,,,3,,,,,3,2,1,2,,,,,,3,,,,2,4,4,20,,,,,,,,,,,20,,,,,,,,,,,,,
awt,252.409823363,una,3,3,2,2,5,1,1,2,2,,,1,2,2,,,,,1,1,,,,,,,,,2,,4,3,1,1,1,,,4,,,,3,,3,,,,6,,,,2,1,3,9,2,4,,,,1,,,,,,,,,,,,,2,1,4,,2,1,2,3,1,1,,,,1,,1,1,,1,1,2,1,2,2,1,,,,,,1,6,2,,1,1,2,4,4,2,2,5,2,3,,,2,3,4,2,4,,2,2,1,7,,2,,,,,,,,,,,,,,,,5,,,,,,,,,,,,,,1,,,,1,4,4,7,3,,,,,,,,,,3,,,,4,4,1,11,,,,,,
awt,312.917449118,kob,3,3,2,1,1,1,1,2,2,2,,1,2,1,6,8,1,5,1,1,,,,,4,4,5,2,2,,1,2,1,1,1,2,3,4,,4,1,3,,3,2,1,1,6,1,2,1,2,1,3,9,2,1,,1,,1,2,1,2,,,1,2,2,,,,,2,1,1,1,2,1,3,3,1,1,,,,1,,1,1,,1,1,2,2,2,7,5,,,,,2,2,2,2,,1,5,2,1,2,2,2,2,4,1,2,,2,3,4,8,5,1,3,1,1,7,1,1,3,2,2,2,3,4,4,4,3,1,2,,,,,5,,,,,1,1,1,1,,,,,,4,,,,4,2,4,20,,,,,,,,,,,6,,,,4,4,8,2,,,,,,
awt,313.996129237,kmb,,,,,,,,,,,,,,,,,,,,,,,,,4,2,5,2,2,,,,,,,,1,,,5,5,,,,,,,,1,,,,1,1,9,,,1,1,,1,,,,4,,,,2,,,,,2,,,,,,,,,,,,,1,,1,1,,1,1,2,2,2,6,,,,,,1,,2,2,2,1,5,2,,,,2,,,,4,,,,,,,,,1,,,,1,,,,,,,,,,,,,,,,,,,,,1,2,1,1,,,,,,15,,8,,2,2,4,19,,,,,,,,,,,17,,,7,4,4,6,4,,,,,,
awt,336.062729224,mnm,,,,,,,,,,,,,,,1,4,3,1,,,,,,,,,,,3,1,,,,,,9,1,,,5,5,,,,2,,,,,,,,,,6,,,,,,2,,,,,,,2,,,,,,2,5,4,1,2,,,,,,,,,1,,1,1,,1,2,2,2,2,1,,1,,,,,2,6,2,,1,2,2,,,,2,,,,,,,,,,,1,2,2,,,,6,,3,1,2,,,,,,,,,,,,,,,,,,,,,,,,,,1,,,,1,4,4,7,3,,,,,,,,,,3,,,,4,4,1,11,,,,,,
awt,361.03840209,dni,1,3,1,1,1,1,1,2,2,,,1,2,1,7,8,1,1,1,1,1,5,1,4,1,3,5,2,2,,1,2,1,1,1,,,5,1,5,5,3,,3,,,3,6,1,,,3,6,2,1,2,,,,,1,1,1,2,,,,,,1,2,1,4,2,1,4,1,2,1,2,2,2,4,4,5,1,1,,1,1,,1,1,,2,,1,,1,,,,,,6,,5,1,2,,4,4,2,2,5,2,3,,1,2,3,4,3,2,,,2,3,1,,2,,,,,,4,,,3,3,2,,,,,,,,,,1,1,1,1,,,,,,2,,,,4,1,4,8,4,,,,,,,,,,4,,,,4,4,8,1,,,,,,
awt,377.667826153,usa,1,2,2,2,1,1,1,1,3,2,,1,2,1,1,7,6,,1,1,,,,,1,1,1,2,,,1,2,1,1,1,,1,4,,2,,3,,3,,,1,6,,2,2,3,9,3,,,8,,,,,,,,,,,1,1,,,,,2,,,,2,1,2,3,1,1,1,5,3,1,,1,1,,1,1,2,2,2,,,,,,,,1,6,2,,1,,2,1,1,2,2,5,2,3,3,,2,3,4,1,4,,2,2,3,4,,6,3,2,2,2,,2,2,,,,,,,,,,,,,,2,2,1,1,,,,,,1,,,,1,4,4,7,3,,,,,,,,,,3,,,,4,4,1,11,,,,,,
awt,382.635923114,kew,3,2,3,1,1,1,1,3,3,,,1,1,2,1,7,6,5,1,1,1,1,3,4,2,2,2,2,2,,1,2,1,1,1,2,,4,,5,5,3,,3,,,1,6,1,,,2,6,2,6,,8,,1,,4,2,1,1,,,,,,2,2,1,3,2,1,1,4,2,,3,,3,2,1,5,1,1,,1,1,,1,1,1,1,2,7,3,,2,,,,,2,2,2,1,5,1,4,4,4,2,2,2,1,,1,2,3,4,1,4,,2,1,1,7,,1,,2,1,2,,,,,3,1,1,1,2,2,,,,,,,1,1,1,1,,,,,,3,,,,2,4,4,20,,,,,,,,,,,5,,,,4,4,2,11,,,,,,
awt,391.432694629,wah,2,2,3,1,1,1,1,2,,,,1,2,2,7,8,1,2,3,1,,,,,,,,,2,,,,,,,9,,,,4,1,,,,,,,,,,,,,,1,,,,,,2,,,,,,,,,,,,,2,,,,,,,,,,,,,1,,1,1,3,1,1,2,2,2,1,,1,,,,,,2,2,,1,2,2,,,,,,,,,,,,,,,,,,,,,1,,,,,,,,,,,,,,,,,,,,,,,,,,,,,,1,,,,1,4,4,21,,,,,,,,,,,14,,,,,,,11,,,,,,
awt,438.353004963,ame,5,2,3,2,3,1,1,2,3,2,,1,2,1,1,5,3,5,1,3,1,5,1,4,1,2,5,2,2,1,1,2,1,1,1,6,3,5,4,4,1,3,,3,3,1,1,6,1,2,1,2,1,1,9,2,5,1,1,2,2,2,1,4,4,2,2,2,2,2,2,1,2,2,5,4,1,2,3,3,3,1,1,4,5,2,1,,1,1,3,1,1,2,2,2,1,,1,,,,,2,2,2,2,1,2,2,1,1,2,,5,2,3,1,1,2,3,4,1,4,1,2,2,3,3,,1,4,2,1,2,2,2,2,2,2,3,1,1,,,,,,,,,1,1,1,1,,,,,2,15,,18,,1,2,4,19,,,,,,,,,,,17,,,14,4,2,3,4,,,,,,
awt,441.019968576,tau,,,,,,,,,,,,,,,,,,,,,,,,,3,2,5,2,3,,,,,,,9,4,,,4,1,,,,2,3,1,6,,,,1,,,6,2,1,,,,1,2,1,2,,,,,2,,,,,2,1,2,,,,,,1,1,,,,1,,1,1,,1,1,2,1,2,7,2,2,,,,,,2,2,5,1,5,2,,,2,2,5,2,3,3,,2,3,4,,,,,2,1,7,,1,,,,,,,,1,,,,,,,,,,,,,1,1,1,1,,,,,,1,,,,1,4,4,7,3,,,,,,,,,,3,,,,4,4,1,11,,,,,,
awt,442.628744846,asm,3,2,1,1,1,1,1,1,3,2,,1,2,1,7,8,6,2,1,1,1,5,1,3,1,4,5,2,2,1,1,3,1,1,1,2,,7,3,2,,3,,3,4,,4,6,1,,1,2,1,1,9,,,,,,4,1,1,2,,,,1,,2,2,1,3,2,4,,4,2,1,2,3,2,2,4,5,1,1,,1,1,,5,1,2,1,2,2,1,,,,,,2,2,2,2,,1,2,1,,2,2,5,4,3,,2,2,3,4,2,4,,2,2,3,2,,1,3,2,2,2,,,,,,,,,,,,,,,,,1,1,3,2,,,,,,2,,,,4,1,4,8,4,,,,,,,,,,4,,,,4,4,8,1,,,,,,
awt,450.597753375,syu,,,,,,,,,,,,,,,,,,,,,,,,,4,4,5,2,2,,,,,,,9,1,,,,,,,,,,,6,,,,2,,,9,2,,,1,,2,2,1,3,,,,,2,,,,,2,,,,,,,,,,,,,1,,1,1,,1,,2,,,,,,,,,,2,6,2,,1,,2,,,2,,2,2,1,2,,2,,,,,,,1,,,,2,,,,,,,,2,,,,,,,,,,,,,2,2,1,1,,,,,,4,,,,4,2,4,20,,,,,,,,,,,6,,,,4,4,8,2,,,,,,
awt,455.22634976,wsk,,,,,,,,,,,,,,,,,,,,,,,,,3,1,5,2,2,1,,,,,,,,,,1,1,,,,,,,6,,,,4,,,9,2,,,,,1,2,1,2,,,,2,,,,,,2,,,,,,,,,,,,,1,,1,1,,1,1,2,2,2,,,,,,,,2,,2,,1,,2,,,2,,2,2,1,,,2,,,,,,,2,,,,1,4,2,1,2,,,,,,,,,,,,6,,,,,3,2,1,2,,,,,,1,,,,1,4,4,7,3,,,,,,,,,,3,,,,4,4,1,11,,,,,,
awt,479.409014443,hua,,,,,,,,,,,,,,,,,,,,,,,,,3,3,3,2,3,,,,,,,,,,,,,,,,3,,,6,,,,2,7,4,1,2,,,1,,3,2,1,3,,,8,,,,,,,2,,,,,,,,,,,,,1,,1,1,,1,1,1,1,1,2,1,,,,,,,6,2,,1,1,1,,,2,2,5,2,3,,,2,,,,,,,1,,,,2,,,,,,,,,,,,,,,,,,,,,1,1,1,1,,,,,,3,,,,2,4,4,20,,,,,,,,,,,5,,,,4,4,2,11,,,,,,
awt,486.553786889,ygr,1,2,3,2,2,1,3,3,,,,1,3,2,,,,,1,1,,,,,,,,,4,,,,,,,8,,,,4,2,,,,3,2,,,,,,,,,6,,,,,,3,,,,,,,,,1,4,1,3,4,,,,,,,,,,,,,1,,1,1,3,1,1,1,,2,2,1,,,,,4,,2,2,5,1,1,1,,,,2,,,,,,,,,,,,,1,,,,1,,2,2,2,,4,,,,,,,1,1,3,,,,,,,,,,,,,,,3,,,,2,4,4,20,,,,,,,,,,,5,,,,4,4,2,11,,,,,,
