ham,138.993658306,adz,4,1,4,2,2,1,1,1,,,,1,,,,,,,1,1,,,,,,,,,,,,,,,,,,,,,,,,,,,,6,,,,2,,,,,,,,,,,,,,,,,,,,,,,,,,,,,,,,,,,2,,1,2,1,2,1,2,2,2,1,,1,,,,,,6,2,,4,4,4,,,1,,1,1,1,,,2,,,,,,,1,,,,6,,,,,,,,,,,,,,,,,,,,,,,,,,,,,,15,,5,,2,1,4,19,6,,15,,,9,4,4,7,3,,,,,,,,,,,,,,
ham,145.946942149,sue,5,2,2,2,2,1,1,1,3,2,,1,1,2,,,,,1,1,,,,,4,2,5,2,2,,2,2,1,1,1,,2,7,,,,5,,5,,,,6,2,,1,2,4,3,1,,,,1,,4,2,1,1,,,,,1,2,2,1,4,2,1,,4,2,2,,,2,4,1,5,1,1,,1,1,,1,1,2,2,2,,,,,,,,,6,2,1,1,,2,4,1,2,5,2,2,1,1,,2,3,4,8,5,,,,3,1,,2,,,,,,,,1,,,,,,,,,,,,,,,,,,,,,,1,,,,1,4,4,21,,,,,,,,,,,14,,,,,,,11,,,,,,
ham,159.030501588,ygr,1,2,3,2,2,1,3,3,,,,1,3,2,,,,,1,1,,,,,,,,,4,,,,,,,8,,,,4,2,,,,3,2,,,,,,,,,6,,,,,,3,,,,,,,,,1,4,1,3,4,,,,,,,,,,,,,1,,1,1,3,1,1,1,,2,2,1,,,,,4,,2,2,5,1,1,1,,,,2,,,,,,,,,,,,,1,,,,1,,2,2,2,,4,,,,,,,1,1,3,,,,,,,,,,,,,,,3,,,,2,4,4,20,,,,,,,,,,,5,,,,4,4,2,11,,,,,,
ham,164.522383162,hua,,,,,,,,,,,,,,,,,,,,,,,,,3,3,3,2,3,,,,,,,,,,,,,,,,3,,,6,,,,2,7,4,1,2,,,1,,3,2,1,3,,,8,,,,,,,2,,,,,,,,,,,,,1,,1,1,,1,1,1,1,1,2,1,,,,,,,6,2,,1,1,1,,,2,2,5,2,3,,,2,,,,,,,1,,,,2,,,,,,,,,,,,,,,,,,,,,1,1,1,1,,,,,,3,,,,2,4,4,20,,,,,,,,,,,5,,,,4,4,2,11,,,,,,
ham,190.63312913,syu,,,,,,,,,,,,,,,,,,,,,,,,,4,4,5,2,2,,,,,,,9,1,,,,,,,,,,,6,,,,2,,,9,2,,,1,,2,2,1,3,,,,,2,,,,,2,,,,,,,,,,,,,1,,1,1,,1,,2,,,,,,,,,,2,6,2,,1,,2,,,2,,2,2,1,2,,2,,,,,,,1,,,,2,,,,,,,,2,,,,,,,,,,,,,2,2,1,1,,,,,,4,,,,4,2,4,20,,,,,,,,,,,6,,,,4,4,8,2,,,,,,
ham,219.353690099,tau,,,,,,,,,,,,,,,,,,,,,,,,,3,2,5,2,3,,,,,,,9,4,,,4,1,,,,2,3,1,6,,,,1,,,6,2,1,,,,1,2,1,2,,,,,2,,,,,2,1,2,,,,,,1,1,,,,1,,1,1,,1,1,2,1,2,7,2,2,,,,,,2,2,5,1,5,2,,,2,2,5,2,3,3,,2,3,4,,,,,2,1,7,,1,,,,,,,,1,,,,,,,,,,,,,1,1,1,1,,,,,,1,,,,1,4,4,7,3,,,,,,,,,,3,,,,4,4,1,11,,,,,,
ham,251.040358679,wah,2,2,3,1,1,1,1,2,,,,1,2,2,7,8,1,2,3,1,,,,,,,,,2,,,,,,,9,,,,4,1,,,,,,,,,,,,,,1,,,,,,2,,,,,,,,,,,,,2,,,,,,,,,,,,,1,,1,1,3,1,1,2,2,2,1,,1,,,,,,2,2,,1,2,2,,,,,,,,,,,,,,,,,,,,,1,,,,,,,,,,,,,,,,,,,,,,,,,,,,,,1,,,,1,4,4,21,,,,,,,,,,,14,,,,,,,11,,,,,,
ham,260.808556711,ame,5,2,3,2,3,1,1,2,3,2,,1,2,1,1,5,3,5,1,3,1,5,1,4,1,2,5,2,2,1,1,2,1,1,1,6,3,5,4,4,1,3,,3,3,1,1,6,1,2,1,2,1,1,9,2,5,1,1,2,2,2,1,4,4,2,2,2,2,2,2,1,2,2,5,4,1,2,3,3,3,1,1,4,5,2,1,,1,1,3,1,1,2,2,2,1,,1,,,,,2,2,2,2,1,2,2,1,1,2,,5,2,3,1,1,2,3,4,1,4,1,2,2,3,3,,1,4,2,1,2,2,2,2,2,2,3,1,1,,,,,,,,,1,1,1,1,,,,,2,15,,18,,1,2,4,19,,,,,,,,,,,17,,,14,4,2,3,4,,,,,,
ham,288.965040327,kew,3,2,3,1,1,1,1,3,3,,,1,1,2,1,7,6,5,1,1,1,1,3,4,2,2,2,2,2,,1,2,1,1,1,2,,4,,5,5,3,,3,,,1,6,1,,,2,6,2,6,,8,,1,,4,2,1,1,,,,,,2,2,1,3,2,1,1,4,2,,3,,3,2,1,5,1,1,,1,1,,1,1,1,1,2,7,3,,2,,,,,2,2,2,1,5,1,4,4,4,2,2,2,1,,1,2,3,4,1,4,,2,1,1,7,,1,,2,1,2,,,,,3,1,1,1,2,2,,,,,,,1,1,1,1,,,,,,3,,,,2,4,4,20,,,,,,,,,,,5,,,,4,4,2,11,,,,,,
ham,308.050126583,kiw,1,2,2,2,2,1,1,1,,,,1,1,2,,,,,1,1,1,5,2,,,,,,3,,,,,,,2,,,,,,,,,,,,,,,,,,,1,,,,1,,,,,,,,,,,,,,,2,4,4,4,2,,,,,,,,,1,,1,1,,1,1,1,1,1,,,,,,,,,,2,,1,,1,,,,,,,,,,,,,,,,,6,,,,1,,,,,,,,,,,,,,,,,,,,,1,2,1,1,,,,,,14,2,,,1,2,4,18,,,,,,,,,,,16,,10,,4,3,5,6,,,,,,
ham,319.788614615,usa,1,2,2,2,1,1,1,1,3,2,,1,2,1,1,7,6,,1,1,,,,,1,1,1,2,,,1,2,1,1,1,,1,4,,2,,3,,3,,,1,6,,2,2,3,9,3,,,8,,,,,,,,,,,1,1,,,,,2,,,,2,1,2,3,1,1,1,5,3,1,,1,1,,1,1,2,2,2,,,,,,,,1,6,2,,1,,2,1,1,2,2,5,2,3,3,,2,3,4,1,4,,2,2,3,4,,6,3,2,2,2,,2,2,,,,,,,,,,,,,,2,2,1,1,,,,,,1,,,,1,4,4,7,3,,,,,,,,,,3,,,,4,4,1,11,,,,,,
ham,332.681877906,yar,1,2,2,2,3,1,1,1,,,,1,1,1,,,,,1,1,,,,,,,,,2,,,,,,,2,,,,,,,,,,,,,,,,,,,1,,,,,,4,,,,,,,,,,,,,2,,,,,,,,,,,,,1,,1,1,,1,1,1,,2,2,1,,,,,,2,2,2,,1,1,1,,,,2,,,,,,,,,,,,,1,3,1,,1,,,,,,,,,,,,,1,2,,,,,,,,,,,,,,,,4,,,,4,2,4,20,,,,,,,,,,,6,,,,4,4,8,2,,,,,,
ham,334.728174825,wsk,,,,,,,,,,,,,,,,,,,,,,,,,3,1,5,2,2,1,,,,,,,,,,1,1,,,,,,,6,,,,4,,,9,2,,,,,1,2,1,2,,,,2,,,,,,2,,,,,,,,,,,,,1,,1,1,,1,1,2,2,2,,,,,,,,2,,2,,1,,2,,,2,,2,2,1,,,2,,,,,,,2,,,,1,4,2,1,2,,,,,,,,,,,,6,,,,,3,2,1,2,,,,,,1,,,,1,4,4,7,3,,,,,,,,,,3,,,,4,4,1,11,,,,,,
ham,334.931738637,kob,3,3,2,1,1,1,1,2,2,2,,1,2,1,6,8,1,5,1,1,,,,,4,4,5,2,2,,1,2,1,1,1,2,3,4,,4,1,3,,3,2,1,1,6,1,2,1,2,1,3,9,2,1,,1,,1,2,1,2,,,1,2,2,,,,,2,1,1,1,2,1,3,3,1,1,,,,1,,1,1,,1,1,2,2,2,7,5,,,,,2,2,2,2,,1,5,2,1,2,2,2,2,4,1,2,,2,3,4,8,5,1,3,1,1,7,1,1,3,2,2,2,3,4,4,4,3,1,2,,,,,5,,,,,1,1,1,1,,,,,,4,,,,4,2,4,20,,,,,,,,,,,6,,,,4,4,8,2,,,,,,
ham,413.015737647,mnm,,,,,,,,,,,,,,,1,4,3,1,,,,,,,,,,,3,1,,,,,,9,1,,,5,5,,,,2,,,,,,,,,,6,,,,,,2,,,,,,,2,,,,,,2,5,4,1,2,,,,,,,,,1,,1,1,,1,2,2,2,2,1,,1,,,,,2,6,2,,1,2,2,,,,2,,,,,,,,,,,1,2,2,,,,6,,3,1,2,,,,,,,,,,,,,,,,,,,,,,,,,,1,,,,1,4,4,7,3,,,,,,,,,,3,,,,4,4,1,11,,,,,,
ham,433.439882133,kkv,3,2,3,1,1,1,1,2,,,,1,2,1,,,,,1,1,,,,,,,,,5,1,,,,,,1,,,,,,,,,,,,6,,,,,,,9,,,,,,2,,,,,,,,,,,,,1,,,,,,,,1,1,,,,2,,1,2,,2,1,2,2,2,,,,,,,,2,,2,1,4,,4,,,2,2,5,2,2,,,2,,,,,,,2,,,,,,,,,,,,,,,,,,,,,,,,,,,,,,,,,,2,,,,4,1,4,4,6,,4,,,,4,8,7,1,,,,,,,,,,,,,,
ham,434.007518736,yim,1,1,4,1,1,1,1,2,1,2,,1,2,1,2,8,1,1,3,1,,,,,1,2,5,2,4,1,1,2,5,2,3,2,6,4,,5,5,3,,3,3,1,2,6,1,,1,3,9,4,1,,6,1,1,1,,2,1,1,6,2,2,,3,,,,,2,1,4,1,2,1,2,1,1,1,1,5,1,,,1,1,6,1,1,3,2,,,,,,,,,,,,,1,,5,1,1,6,2,5,2,4,1,,2,3,4,3,4,3,4,1,2,5,,,4,3,1,1,,4,,1,3,2,1,,,,,3,,,,,3,2,1,2,,,,,,3,,,,2,4,4,20,,,,,,,,,,,20,,,,,,,,,,,,,
ham,438.27320719,dag,1,2,2,2,2,1,1,1,3,2,,1,2,,,,,,1,1,1,5,2,5,1,1,1,2,2,1,1,2,1,1,1,,,4,,5,5,3,,2,,,,6,1,,,2,9,3,1,,,,,,2,2,1,2,,,,1,,2,1,1,4,2,1,,1,,1,2,3,1,1,4,5,1,1,,1,1,,1,1,2,2,2,1,,1,,,,,2,,2,,1,2,2,1,1,2,2,5,2,3,,,2,3,4,8,5,,,2,1,7,,,4,2,2,1,,4,,,,,,,,,,3,,,,,1,1,1,1,,,,,,1,,,,1,4,4,7,3,,,,,,,,,,3,,,,4,4,1,11,,,,,,
ham,450.818167345,ala,3,3,2,2,2,1,1,1,3,2,,1,3,1,1,6,5,,1,1,1,5,1,6,1,2,5,2,2,1,1,3,2,2,2,8,6,6,3,1,4,3,,3,2,1,5,3,1,,1,2,7,2,6,2,6,,1,,4,2,1,1,,,8,1,2,1,2,1,4,2,1,4,1,2,,,,1,1,1,5,1,1,,1,1,6,1,1,1,1,1,2,1,,,,,,2,6,2,,1,1,1,1,,2,2,5,2,2,3,,2,3,4,1,4,,4,2,3,2,,6,4,3,1,1,,4,4,,3,3,3,,,,,3,,,,,1,1,1,1,,,,,,1,,,,1,4,4,7,3,,,,,,,,,,3,,,,4,4,1,11,,,,,,
